544
1
M 0 242 706 24 32 242 706 24 32 4 350 500 450 0
a 107 352 608 32 32 352 610 32 30 
a 107 320 608 32 32 320 610 32 30 
a 107 288 608 32 32 288 610 32 30 
a 107 256 608 32 32 256 610 32 30 
a 107 224 608 32 32 224 610 32 30 
a 107 192 608 32 32 192 610 32 30 
a 107 160 608 32 32 160 610 32 30 
a 107 128 608 32 32 128 610 32 30 
a 107 96 608 32 32 96 610 32 30 
a 107 96 480 32 32 96 482 32 30 
a 107 128 480 32 32 128 482 32 30 
a 107 160 480 32 32 160 482 32 30 
a 107 192 480 32 32 192 482 32 30 
a 107 224 480 32 32 224 482 32 30 
a 107 256 480 32 32 256 482 32 30 
a 107 288 480 32 32 288 482 32 30 
a 107 320 480 32 32 320 482 32 30 
a 107 352 480 32 32 352 482 32 30 
a 107 384 480 32 32 384 482 32 30 
a 107 384 448 32 32 384 450 32 30 
a 107 352 448 32 32 352 450 32 30 
a 107 320 448 32 32 320 450 32 30 
a 107 288 448 32 32 288 450 32 30 
a 107 256 448 32 32 256 450 32 30 
a 107 224 448 32 32 224 450 32 30 
a 107 192 448 32 32 192 450 32 30 
a 107 160 448 32 32 160 450 32 30 
a 107 128 448 32 32 128 450 32 30 
a 107 96 448 32 32 96 450 32 30 
a 107 96 384 32 32 96 386 32 30 
a 107 128 416 32 32 128 418 32 30 
a 107 160 416 32 32 160 418 32 30 
a 107 192 416 32 32 192 418 32 30 
a 107 224 416 32 32 224 418 32 30 
a 107 256 416 32 32 256 418 32 30 
a 107 288 416 32 32 288 418 32 30 
a 107 320 416 32 32 320 418 32 30 
a 107 352 416 32 32 352 418 32 30 
a 107 384 416 32 32 384 418 32 30 
a 107 384 384 32 32 384 386 32 30 
a 107 352 384 32 32 352 386 32 30 
a 107 320 384 32 32 320 386 32 30 
a 107 288 384 32 32 288 386 32 30 
a 107 256 384 32 32 256 386 32 30 
a 107 224 384 32 32 224 386 32 30 
a 107 192 384 32 32 192 386 32 30 
a 107 160 384 32 32 160 386 32 30 
a 107 128 384 32 32 128 386 32 30 
a 107 96 416 32 32 96 418 32 30 
m 107 384 608 32 32 384 610 32 30 
l 103 128 576 32 32 128 578 32 30 
l 103 160 576 32 32 160 578 32 30 
l 103 192 576 32 32 192 578 32 30 
l 103 224 576 32 32 224 578 32 30 
l 103 256 576 32 32 256 578 32 30 
l 103 288 576 32 32 288 578 32 30 
l 103 320 576 32 32 320 578 32 30 
l 103 352 576 32 32 352 578 32 30 
l 103 352 704 32 32 352 706 32 30 
l 103 320 704 32 32 320 706 32 30 
l 103 96 704 32 32 96 706 32 30 
l 103 128 704 32 32 128 706 32 30 
l 103 160 704 32 32 160 706 32 30 
l 103 192 704 32 32 192 706 32 30 
l 103 224 704 32 32 224 706 32 30 
l 103 256 704 32 32 256 706 32 30 
l 103 288 704 32 32 288 706 32 30 
z 404 726 480 710 3712 639 Levels/level1-2.txt 
b 108 0 736 32 32 0 738 32 30 
b 108 0 768 32 32 0 770 32 30 
b 108 32 736 32 32 32 738 32 30 
b 108 32 768 32 32 32 770 32 30 
b 108 32 736 32 32 32 738 32 30 
b 108 64 736 32 32 64 738 32 30 
b 108 64 768 32 32 64 770 32 30 
b 108 96 736 32 32 96 738 32 30 
b 108 96 768 32 32 96 770 32 30 
b 108 128 736 32 32 128 738 32 30 
b 108 128 768 32 32 128 770 32 30 
b 108 160 736 32 32 160 738 32 30 
b 108 160 768 32 32 160 770 32 30 
b 108 192 736 32 32 192 738 32 30 
b 108 192 768 32 32 192 770 32 30 
b 108 224 736 32 32 224 738 32 30 
b 108 224 768 32 32 224 770 32 30 
b 108 256 736 32 32 256 738 32 30 
b 108 256 768 32 32 256 770 32 30 
b 108 288 736 32 32 288 738 32 30 
b 108 288 768 32 32 288 770 32 30 
b 108 320 736 32 32 320 738 32 30 
b 108 320 768 32 32 320 770 32 30 
b 108 352 736 32 32 352 738 32 30 
b 108 352 768 32 32 352 770 32 30 
b 108 384 768 32 32 384 770 32 30 
b 108 384 736 32 32 384 738 32 30 
b 108 416 736 32 32 416 738 32 30 
b 108 416 768 32 32 416 770 32 30 
b 108 448 736 32 32 448 738 32 30 
b 108 448 768 32 32 448 770 32 30 
b 108 480 736 32 32 480 738 32 30 
b 108 480 768 32 32 480 770 32 30 
b 107 0 704 32 32 0 706 32 30 
b 107 0 672 32 32 0 674 32 30 
b 107 0 640 32 32 0 642 32 30 
b 107 0 608 32 32 0 610 32 30 
b 107 0 576 32 32 0 578 32 30 
b 107 0 544 32 32 0 546 32 30 
b 107 0 512 32 32 0 514 32 30 
b 107 0 480 32 32 0 482 32 30 
b 107 0 448 32 32 0 450 32 30 
b 107 0 416 32 32 0 418 32 30 
b 107 0 384 32 32 0 386 32 30 
b 107 416 640 32 32 416 642 32 30 
b 107 416 608 32 32 416 610 32 30 
b 107 416 576 32 32 416 578 32 30 
b 107 416 544 32 32 416 546 32 30 
b 107 416 512 32 32 416 514 32 30 
b 107 416 448 32 32 416 450 32 30 
b 107 416 480 32 32 416 482 32 30 
b 107 416 416 32 32 416 418 32 30 
b 107 416 384 32 32 416 386 32 30 
b 107 448 384 32 32 448 386 32 30 
b 107 448 416 32 32 448 418 32 30 
b 107 448 448 32 32 448 450 32 30 
b 107 448 480 32 32 448 482 32 30 
b 107 448 512 32 32 448 514 32 30 
b 107 448 544 32 32 448 546 32 30 
b 107 448 576 32 32 448 578 32 30 
b 107 448 608 32 32 448 610 32 30 
b 107 448 640 32 32 448 642 32 30 
b 108 512 736 32 32 512 738 32 30 
b 108 512 768 32 32 512 770 32 30 
b 109 448 704 32 32 448 706 32 30 
b 110 448 672 32 32 448 674 32 30 
b 112 416 672 32 32 416 674 32 30 
b 114 480 672 32 32 480 674 32 30 
b 113 480 704 32 32 480 706 32 30 
b 111 416 704 32 32 416 706 32 30 
b 39 480 640 32 32 480 642 32 30 
b 39 480 608 32 32 480 610 32 30 
b 39 480 576 32 32 480 578 32 30 
b 39 480 544 32 32 480 546 32 30 
b 39 480 512 32 32 480 514 32 30 
b 39 480 480 32 32 480 482 32 30 
b 39 480 448 32 32 480 450 32 30 
b 39 480 416 32 32 480 418 32 30 
b 39 480 384 32 32 480 386 32 30 
b 40 512 672 32 32 512 674 32 30 
b 40 512 704 32 32 512 706 32 30 
b 40 512 640 32 32 512 642 32 30 
b 40 512 608 32 32 512 610 32 30 
b 40 512 576 32 32 512 578 32 30 
b 40 512 544 32 32 512 546 32 30 
b 40 512 512 32 32 512 514 32 30 
b 40 512 480 32 32 512 482 32 30 
b 40 512 448 32 32 512 450 32 30 
b 40 512 416 32 32 512 418 32 30 
b 40 512 384 32 32 512 386 32 30 
