5633
0
l 103 864 448 32 32 864 450 32 30 
l 103 896 448 32 32 896 450 32 30 
l 103 928 448 32 32 928 450 32 30 
l 103 1056 672 32 32 1056 674 32 30 
l 103 1184 384 32 32 1184 386 32 30 
l 103 1216 384 32 32 1216 386 32 30 
l 103 1600 512 32 32 1600 514 32 30 
l 103 1920 448 32 32 1920 450 32 30 
l 103 1952 448 32 32 1952 450 32 30 
l 103 1984 448 32 32 1984 450 32 30 
l 103 2016 448 32 32 2016 450 32 30 
l 103 2720 480 32 32 2720 482 32 30 
l 103 2752 480 32 32 2752 482 32 30 
l 103 2976 448 32 32 2976 450 32 30 
l 103 3008 448 32 32 3008 450 32 30 
l 103 3104 448 32 32 3104 450 32 30 
l 103 3136 448 32 32 3136 450 32 30 
l 103 3616 704 32 32 3616 706 32 30 
l 103 3648 704 32 32 3648 706 32 30 
l 103 3680 704 32 32 3680 706 32 30 
l 103 3840 480 32 32 3840 482 32 30 
l 103 3872 480 32 32 3872 482 32 30 
p 51 1888 640 32 32 1888 642 32 30 
0 140 960 416 32 46 960 418 32 44 0 
l 103 1632 512 32 32 1632 514 32 30 
3 10 1408 416 32 32 1408 418 32 30 
3 10 1472 416 32 32 1472 418 32 30 
3 10 2560 480 32 32 2560 482 32 30 
0 140 3520 480 32 46 3520 482 32 44 0 
0 140 4256 672 32 46 4256 674 32 44 0 
b 1 0 736 32 32 0 738 32 30 
b 1 0 768 32 32 0 770 32 30 
b 1 0 736 32 32 0 738 32 30 
b 1 32 768 32 32 32 770 32 30 
b 1 32 736 32 32 32 738 32 30 
b 1 64 736 32 32 64 738 32 30 
b 1 64 768 32 32 64 770 32 30 
b 1 96 736 32 32 96 738 32 30 
b 1 96 768 32 32 96 770 32 30 
b 1 128 736 32 32 128 738 32 30 
b 1 128 768 32 32 128 770 32 30 
b 1 160 736 32 32 160 738 32 30 
b 1 160 768 32 32 160 770 32 30 
b 1 192 736 32 32 192 738 32 30 
b 1 192 768 32 32 192 770 32 30 
b 1 224 736 32 32 224 738 32 30 
b 1 224 768 32 32 224 770 32 30 
b 1 256 736 32 32 256 738 32 30 
b 1 256 768 32 32 256 770 32 30 
b 1 288 736 32 32 288 738 32 30 
b 1 288 768 32 32 288 770 32 30 
b 1 320 736 32 32 320 738 32 30 
b 1 320 768 32 32 320 770 32 30 
b 1 352 736 32 32 352 738 32 30 
b 1 352 768 32 32 352 770 32 30 
b 1 384 736 32 32 384 738 32 30 
b 1 384 768 32 32 384 770 32 30 
b 1 416 736 32 32 416 738 32 30 
b 1 416 768 32 32 416 770 32 30 
b 1 448 736 32 32 448 738 32 30 
b 1 448 768 32 32 448 770 32 30 
b 1 480 736 32 32 480 738 32 30 
b 1 480 768 32 32 480 770 32 30 
b 1 4128 736 32 32 4128 738 32 30 
b 1 4128 768 32 32 4128 770 32 30 
b 1 4160 736 32 32 4160 738 32 30 
b 1 4160 768 32 32 4160 770 32 30 
b 1 4192 736 32 32 4192 738 32 30 
b 1 4192 768 32 32 4192 770 32 30 
b 1 4224 736 32 32 4224 738 32 30 
b 1 4224 768 32 32 4224 770 32 30 
b 1 4256 736 32 32 4256 738 32 30 
b 1 4256 768 32 32 4256 770 32 30 
b 1 4288 736 32 32 4288 738 32 30 
b 1 4288 768 32 32 4288 770 32 30 
b 1 4320 736 32 32 4320 738 32 30 
b 1 4320 768 32 32 4320 770 32 30 
b 1 4352 736 32 32 4352 738 32 30 
b 1 4352 768 32 32 4352 770 32 30 
b 1 4384 736 32 32 4384 738 32 30 
b 1 4384 768 32 32 4384 770 32 30 
b 1 4416 736 32 32 4416 738 32 30 
b 1 4416 768 32 32 4416 770 32 30 
b 1 4448 736 32 32 4448 738 32 30 
b 1 4448 768 32 32 4448 770 32 30 
b 1 4480 736 32 32 4480 738 32 30 
b 1 4480 768 32 32 4480 770 32 30 
b 1 4512 736 32 32 4512 738 32 30 
b 1 4512 768 32 32 4512 770 32 30 
b 1 4544 736 32 32 4544 738 32 30 
b 1 4544 768 32 32 4544 770 32 30 
b 1 4576 736 32 32 4576 738 32 30 
b 1 4576 768 32 32 4576 770 32 30 
b 1 4608 768 32 32 4608 770 32 30 
b 1 4640 736 32 32 4640 738 32 30 
b 1 4608 736 32 32 4608 738 32 30 
b 1 4640 768 32 32 4640 770 32 30 
b 1 4672 736 32 32 4672 738 32 30 
b 1 4672 768 32 32 4672 770 32 30 
b 1 4704 736 32 32 4704 738 32 30 
b 1 4704 768 32 32 4704 770 32 30 
b 1 4736 736 32 32 4736 738 32 30 
b 1 4736 768 32 32 4736 770 32 30 
b 1 4768 736 32 32 4768 738 32 30 
b 1 4768 768 32 32 4768 770 32 30 
b 1 4800 736 32 32 4800 738 32 30 
b 1 4800 768 32 32 4800 770 32 30 
b 1 4832 736 32 32 4832 738 32 30 
b 1 4832 768 32 32 4832 770 32 30 
b 1 4864 736 32 32 4864 738 32 30 
b 1 4864 768 32 32 4864 770 32 30 
b 1 4896 768 32 32 4896 770 32 30 
b 1 4896 736 32 32 4896 738 32 30 
b 1 4928 736 32 32 4928 738 32 30 
b 1 4928 768 32 32 4928 770 32 30 
b 1 4960 736 32 32 4960 738 32 30 
b 1 4960 768 32 32 4960 770 32 30 
b 1 4992 736 32 32 4992 738 32 30 
b 1 4992 768 32 32 4992 770 32 30 
b 1 5024 736 32 32 5024 738 32 30 
b 1 5024 768 32 32 5024 770 32 30 
b 1 5056 736 32 32 5056 738 32 30 
b 1 5056 768 32 32 5056 770 32 30 
b 1 5088 736 32 32 5088 738 32 30 
b 1 5088 768 32 32 5088 770 32 30 
b 1 5120 736 32 32 5120 738 32 30 
b 1 5120 768 32 32 5120 770 32 30 
b 1 5152 736 32 32 5152 738 32 30 
b 1 5152 768 32 32 5152 770 32 30 
b 1 5184 736 32 32 5184 738 32 30 
b 1 5184 768 32 32 5184 770 32 30 
b 1 5216 736 32 32 5216 738 32 30 
b 1 5216 768 32 32 5216 770 32 30 
b 1 5248 736 32 32 5248 738 32 30 
b 1 5248 768 32 32 5248 770 32 30 
b 1 5280 736 32 32 5280 738 32 30 
b 1 5280 768 32 32 5280 770 32 30 
b 1 5312 736 32 32 5312 738 32 30 
b 1 5312 768 32 32 5312 770 32 30 
b 1 5344 736 32 32 5344 738 32 30 
b 1 5344 768 32 32 5344 770 32 30 
b 1 5376 736 32 32 5376 738 32 30 
b 1 5376 768 32 32 5376 770 32 30 
b 1 5408 736 32 32 5408 738 32 30 
b 1 5408 768 32 32 5408 770 32 30 
b 1 5440 736 32 32 5440 738 32 30 
b 1 5440 768 32 32 5440 770 32 30 
b 1 5472 736 32 32 5472 738 32 30 
b 1 5472 768 32 32 5472 770 32 30 
b 1 5504 736 32 32 5504 738 32 30 
b 1 5504 768 32 32 5504 770 32 30 
b 1 5536 736 32 32 5536 738 32 30 
b 1 5536 768 32 32 5536 770 32 30 
b 1 5568 736 32 32 5568 738 32 30 
b 1 5568 768 32 32 5568 770 32 30 
b 1 5600 736 32 32 5600 738 32 30 
b 1 5600 768 32 32 5600 770 32 30 
b 9 4416 608 32 32 4416 610 32 30 
b 9 4416 640 32 32 4416 642 32 30 
b 9 4416 672 32 32 4416 674 32 30 
b 9 4416 704 32 32 4416 706 32 30 
b 9 4448 704 32 32 4448 706 32 30 
b 9 4448 672 32 32 4448 674 32 30 
b 9 4448 640 32 32 4448 642 32 30 
b 9 4448 608 32 32 4448 610 32 30 
b 9 4480 608 32 32 4480 610 32 30 
b 9 4480 640 32 32 4480 642 32 30 
b 9 4480 704 32 32 4480 706 32 30 
b 9 4480 672 32 32 4480 674 32 30 
b 9 4480 544 32 32 4480 546 32 30 
b 9 4480 576 32 32 4480 578 32 30 
b 9 4512 544 32 32 4512 546 32 30 
b 9 4512 576 32 32 4512 578 32 30 
b 9 4512 608 32 32 4512 610 32 30 
b 9 4512 640 32 32 4512 642 32 30 
b 9 4512 672 32 32 4512 674 32 30 
b 9 4512 704 32 32 4512 706 32 30 
b 9 4544 704 32 32 4544 706 32 30 
b 9 4544 672 32 32 4544 674 32 30 
b 9 4544 640 32 32 4544 642 32 30 
b 9 4544 608 32 32 4544 610 32 30 
b 9 4544 576 32 32 4544 578 32 30 
b 9 4544 544 32 32 4544 546 32 30 
b 9 4544 512 32 32 4544 514 32 30 
b 9 4544 480 32 32 4544 482 32 30 
b 9 4576 480 32 32 4576 482 32 30 
b 9 4576 512 32 32 4576 514 32 30 
b 9 4576 544 32 32 4576 546 32 30 
b 9 4576 576 32 32 4576 578 32 30 
b 9 4576 608 32 32 4576 610 32 30 
b 9 4576 640 32 32 4576 642 32 30 
b 9 4576 672 32 32 4576 674 32 30 
b 9 4576 704 32 32 4576 706 32 30 
b 9 4864 704 32 32 4864 706 32 30 
g 41 0 672 32 32 0 674 32 30 
g 41 0 672 32 32 0 674 32 30 
g 41 32 672 32 32 32 674 32 30 
g 41 32 704 32 32 32 706 32 30 
g 41 0 704 32 32 0 706 32 30 
g 41 96 672 32 32 96 674 32 30 
g 41 96 704 32 32 96 706 32 30 
g 41 128 704 32 32 128 706 32 30 
g 41 128 672 32 32 128 674 32 30 
g 41 64 608 32 32 64 610 32 30 
g 41 4960 576 32 32 4960 578 32 30 
g 41 4992 576 32 32 4992 578 32 30 
g 41 5024 576 32 32 5024 578 32 30 
g 41 5024 608 32 32 5024 610 32 30 
g 41 4992 608 32 32 4992 610 32 30 
g 41 4960 608 32 32 4960 610 32 30 
g 41 4960 640 32 32 4960 642 32 30 
g 41 4960 640 32 32 4960 642 32 30 
g 41 4992 640 32 32 4992 642 32 30 
g 41 5024 640 32 32 5024 642 32 30 
g 41 5056 640 32 32 5056 642 32 30 
g 41 5088 640 32 32 5088 642 32 30 
g 41 5088 608 32 32 5088 610 32 30 
g 41 5088 576 32 32 5088 578 32 30 
g 41 4960 672 32 32 4960 674 32 30 
g 41 4960 704 32 32 4960 706 32 30 
g 41 4992 704 32 32 4992 706 32 30 
g 41 4992 672 32 32 4992 674 32 30 
g 41 5056 672 32 32 5056 674 32 30 
g 41 5056 704 32 32 5056 706 32 30 
g 41 5120 672 32 32 5120 674 32 30 
g 41 5120 704 32 32 5120 706 32 30 
g 41 5120 640 32 32 5120 642 32 30 
g 41 5152 640 32 32 5152 642 32 30 
g 41 5152 608 32 32 5152 610 32 30 
g 41 5152 576 32 32 5152 578 32 30 
g 41 5024 480 32 32 5024 482 32 30 
g 41 5024 512 32 32 5024 514 32 30 
g 41 5056 512 32 32 5056 514 32 30 
g 41 5056 480 32 32 5056 482 32 30 
g 41 5088 416 32 32 5088 418 32 30 
g 41 5120 480 32 32 5120 482 32 30 
g 41 5120 512 32 32 5120 514 32 30 
g 41 5152 512 32 32 5152 514 32 30 
g 41 5152 480 32 32 5152 482 32 30 
g 41 5184 576 32 32 5184 578 32 30 
g 41 5184 608 32 32 5184 610 32 30 
g 41 5184 640 32 32 5184 642 32 30 
g 41 5184 672 32 32 5184 674 32 30 
g 41 5184 704 32 32 5184 706 32 30 
g 41 5216 576 32 32 5216 578 32 30 
g 41 5216 608 32 32 5216 610 32 30 
g 41 5216 608 32 32 5216 610 32 30 
g 41 5216 640 32 32 5216 642 32 30 
g 41 5216 672 32 32 5216 674 32 30 
g 41 5216 704 32 32 5216 706 32 30 
g 41 5248 704 32 32 5248 706 32 30 
g 41 5248 672 32 32 5248 674 32 30 
g 41 5248 640 32 32 5248 642 32 30 
g 41 5248 608 32 32 5248 610 32 30 
g 41 5248 576 32 32 5248 578 32 30 
g 41 5280 576 32 32 5280 578 32 30 
g 41 5280 608 32 32 5280 610 32 30 
g 41 5280 640 32 32 5280 642 32 30 
g 41 5280 672 32 32 5280 674 32 30 
g 41 5280 704 32 32 5280 706 32 30 
g 41 5312 704 32 32 5312 706 32 30 
g 41 5312 672 32 32 5312 674 32 30 
g 41 5312 640 32 32 5312 642 32 30 
g 41 5312 608 32 32 5312 610 32 30 
g 41 5312 576 32 32 5312 578 32 30 
g 41 5344 576 32 32 5344 578 32 30 
g 41 5344 608 32 32 5344 610 32 30 
g 41 5344 672 32 32 5344 674 32 30 
g 41 5344 640 32 32 5344 642 32 30 
g 41 5344 704 32 32 5344 706 32 30 
g 41 5376 704 32 32 5376 706 32 30 
g 41 5376 672 32 32 5376 674 32 30 
g 41 5376 640 32 32 5376 642 32 30 
g 41 5376 608 32 32 5376 610 32 30 
g 41 5376 576 32 32 5376 578 32 30 
g 41 5408 576 32 32 5408 578 32 30 
g 41 5408 608 32 32 5408 610 32 30 
g 41 5408 640 32 32 5408 642 32 30 
g 41 5408 672 32 32 5408 674 32 30 
g 41 5408 704 32 32 5408 706 32 30 
g 41 5440 704 32 32 5440 706 32 30 
g 41 5440 672 32 32 5440 674 32 30 
g 41 5440 640 32 32 5440 642 32 30 
g 41 5440 608 32 32 5440 610 32 30 
g 41 5440 576 32 32 5440 578 32 30 
g 41 5472 576 32 32 5472 578 32 30 
g 41 5472 608 32 32 5472 610 32 30 
g 41 5472 640 32 32 5472 642 32 30 
g 41 5472 672 32 32 5472 674 32 30 
g 41 5472 704 32 32 5472 706 32 30 
g 41 5504 704 32 32 5504 706 32 30 
g 41 5504 672 32 32 5504 674 32 30 
g 41 5504 640 32 32 5504 642 32 30 
g 41 5504 608 32 32 5504 610 32 30 
g 41 5504 576 32 32 5504 578 32 30 
g 41 5536 576 32 32 5536 578 32 30 
g 41 5536 608 32 32 5536 610 32 30 
g 41 5536 640 32 32 5536 642 32 30 
g 41 5536 672 32 32 5536 674 32 30 
g 41 5536 704 32 32 5536 706 32 30 
g 41 5568 704 32 32 5568 706 32 30 
g 41 5568 672 32 32 5568 674 32 30 
g 41 5568 640 32 32 5568 642 32 30 
g 41 5568 608 32 32 5568 610 32 30 
g 41 5568 576 32 32 5568 578 32 30 
g 41 5600 576 32 32 5600 578 32 30 
g 41 5600 608 32 32 5600 610 32 30 
g 41 5600 640 32 32 5600 642 32 30 
g 41 5600 704 32 32 5600 706 32 30 
g 41 5600 672 32 32 5600 674 32 30 
g 42 64 704 32 32 64 706 32 30 
g 43 64 672 32 32 64 674 32 30 
g 42 5024 704 32 32 5024 706 32 30 
g 42 5088 704 32 32 5088 706 32 30 
g 42 5152 704 32 32 5152 706 32 30 
g 42 5120 608 32 32 5120 610 32 30 
g 42 5056 608 32 32 5056 610 32 30 
g 42 5088 512 32 32 5088 514 32 30 
g 43 5056 576 32 32 5056 578 32 30 
g 43 5024 672 32 32 5024 674 32 30 
g 43 5088 672 32 32 5088 674 32 30 
g 43 5152 672 32 32 5152 674 32 30 
g 43 5120 576 32 32 5120 578 32 30 
g 43 5088 480 32 32 5088 482 32 30 
g 45 96 608 32 32 96 610 32 30 
g 44 32 608 32 32 32 610 32 30 
g 45 5120 416 32 32 5120 418 32 30 
g 44 5056 416 32 32 5056 418 32 30 
g 46 32 640 32 32 32 642 32 30 
g 46 64 640 32 32 64 642 32 30 
g 46 96 640 32 32 96 642 32 30 
g 47 128 640 32 32 128 642 32 30 
g 47 96 576 32 32 96 578 32 30 
g 47 64 576 32 32 64 578 32 30 
g 47 32 576 32 32 32 578 32 30 
g 47 0 640 32 32 0 642 32 30 
g 46 5024 544 32 32 5024 546 32 30 
g 46 5056 544 32 32 5056 546 32 30 
g 46 5088 544 32 32 5088 546 32 30 
g 46 5120 544 32 32 5120 546 32 30 
g 46 5152 544 32 32 5152 546 32 30 
g 46 5056 448 32 32 5056 450 32 30 
g 46 5088 448 32 32 5088 450 32 30 
g 46 5120 448 32 32 5120 450 32 30 
g 47 5024 448 32 32 5024 450 32 30 
g 47 5152 448 32 32 5152 450 32 30 
g 47 5120 384 32 32 5120 386 32 30 
g 47 5088 384 32 32 5088 386 32 30 
g 47 5056 384 32 32 5056 386 32 30 
g 47 4960 544 32 32 4960 546 32 30 
g 47 4992 544 32 32 4992 546 32 30 
g 47 5184 544 32 32 5184 546 32 30 
g 47 5216 544 32 32 5216 546 32 30 
g 47 5248 544 32 32 5248 546 32 30 
g 47 5280 544 32 32 5280 546 32 30 
g 47 5312 544 32 32 5312 546 32 30 
g 47 5344 544 32 32 5344 546 32 30 
g 47 5376 544 32 32 5376 546 32 30 
g 47 5408 544 32 32 5408 546 32 30 
g 47 5440 544 32 32 5440 546 32 30 
g 47 5472 544 32 32 5472 546 32 30 
g 47 5504 544 32 32 5504 546 32 30 
g 47 5536 544 32 32 5536 546 32 30 
g 47 5632 544 32 32 5632 546 32 30 
g 47 5632 512 32 32 5632 514 32 30 
g 47 5568 544 32 32 5568 546 32 30 
g 47 5568 544 32 32 5568 546 32 30 
g 47 5600 544 32 32 5600 546 32 30 
g 147 608 768 32 32 608 770 32 30 
g 147 608 736 32 32 608 738 32 30 
g 147 640 736 32 32 640 738 32 30 
g 147 640 768 32 32 640 770 32 30 
g 147 800 672 32 32 800 674 32 30 
g 147 800 640 32 32 800 642 32 30 
g 147 832 640 32 32 832 642 32 30 
g 147 864 640 32 32 864 642 32 30 
g 147 896 640 32 32 896 642 32 30 
g 147 896 640 32 32 896 642 32 30 
g 147 960 640 32 32 960 642 32 30 
g 147 928 640 32 32 928 642 32 30 
g 147 928 672 32 32 928 674 32 30 
g 147 896 672 32 32 896 674 32 30 
g 147 864 672 32 32 864 674 32 30 
g 147 832 672 32 32 832 674 32 30 
g 147 800 736 32 32 800 738 32 30 
g 147 800 704 32 32 800 706 32 30 
g 147 832 704 32 32 832 706 32 30 
g 147 832 736 32 32 832 738 32 30 
g 147 832 704 32 32 832 706 32 30 
g 147 864 736 32 32 864 738 32 30 
g 147 864 704 32 32 864 706 32 30 
g 147 896 704 32 32 896 706 32 30 
g 147 928 704 32 32 928 706 32 30 
g 147 960 704 32 32 960 706 32 30 
g 147 960 672 32 32 960 674 32 30 
g 147 960 736 32 32 960 738 32 30 
g 147 896 736 32 32 896 738 32 30 
g 147 928 736 32 32 928 738 32 30 
g 147 800 768 32 32 800 770 32 30 
g 147 800 768 32 32 800 770 32 30 
g 147 832 768 32 32 832 770 32 30 
g 147 864 768 32 32 864 770 32 30 
g 147 896 768 32 32 896 770 32 30 
g 147 928 768 32 32 928 770 32 30 
g 147 960 768 32 32 960 770 32 30 
g 147 1056 736 32 32 1056 738 32 30 
g 147 1056 768 32 32 1056 770 32 30 
g 147 1152 608 32 32 1152 610 32 30 
g 147 928 512 32 32 928 514 32 30 
g 147 896 512 32 32 896 514 32 30 
g 147 864 512 32 32 864 514 32 30 
g 147 864 544 32 32 864 546 32 30 
g 147 896 544 32 32 896 546 32 30 
g 147 928 544 32 32 928 546 32 30 
g 147 928 576 32 32 928 578 32 30 
g 147 896 576 32 32 896 578 32 30 
g 147 864 576 32 32 864 578 32 30 
g 147 1152 704 32 32 1152 706 32 30 
g 147 1152 736 32 32 1152 738 32 30 
g 147 1152 640 32 32 1152 642 32 30 
g 147 1152 672 32 32 1152 674 32 30 
g 147 1184 672 32 32 1184 674 32 30 
g 147 1184 704 32 32 1184 706 32 30 
g 147 1184 736 32 32 1184 738 32 30 
g 147 1184 768 32 32 1184 770 32 30 
g 147 1216 768 32 32 1216 770 32 30 
g 147 1216 736 32 32 1216 738 32 30 
g 147 1216 704 32 32 1216 706 32 30 
g 147 1216 672 32 32 1216 674 32 30 
g 147 1216 640 32 32 1216 642 32 30 
g 147 1184 640 32 32 1184 642 32 30 
g 147 1184 608 32 32 1184 610 32 30 
g 147 1216 608 32 32 1216 610 32 30 
g 147 1312 480 32 32 1312 482 32 30 
g 147 1312 512 32 32 1312 514 32 30 
g 147 1312 544 32 32 1312 546 32 30 
g 147 1312 576 32 32 1312 578 32 30 
g 147 1312 608 32 32 1312 610 32 30 
g 147 1312 672 32 32 1312 674 32 30 
g 147 1312 640 32 32 1312 642 32 30 
g 147 1312 736 32 32 1312 738 32 30 
g 147 1312 704 32 32 1312 706 32 30 
g 147 1312 768 32 32 1312 770 32 30 
g 147 1344 768 32 32 1344 770 32 30 
g 147 1344 736 32 32 1344 738 32 30 
g 147 1344 704 32 32 1344 706 32 30 
g 147 1344 672 32 32 1344 674 32 30 
g 147 1344 640 32 32 1344 642 32 30 
g 147 1344 608 32 32 1344 610 32 30 
g 147 1344 576 32 32 1344 578 32 30 
g 147 1344 544 32 32 1344 546 32 30 
g 147 1344 512 32 32 1344 514 32 30 
g 147 1344 480 32 32 1344 482 32 30 
g 147 1376 480 32 32 1376 482 32 30 
g 147 1376 512 32 32 1376 514 32 30 
g 147 1376 544 32 32 1376 546 32 30 
g 147 1376 576 32 32 1376 578 32 30 
g 147 1376 608 32 32 1376 610 32 30 
g 147 1376 640 32 32 1376 642 32 30 
g 147 1376 672 32 32 1376 674 32 30 
g 147 1376 704 32 32 1376 706 32 30 
g 147 1376 736 32 32 1376 738 32 30 
g 147 1376 768 32 32 1376 770 32 30 
g 147 1408 768 32 32 1408 770 32 30 
g 147 1408 736 32 32 1408 738 32 30 
g 147 1408 704 32 32 1408 706 32 30 
g 147 1408 672 32 32 1408 674 32 30 
g 147 1408 640 32 32 1408 642 32 30 
g 147 1408 608 32 32 1408 610 32 30 
g 147 1408 544 32 32 1408 546 32 30 
g 147 1408 576 32 32 1408 578 32 30 
g 147 1408 512 32 32 1408 514 32 30 
g 147 1408 480 32 32 1408 482 32 30 
g 147 1440 480 32 32 1440 482 32 30 
g 147 1440 512 32 32 1440 514 32 30 
g 147 1440 544 32 32 1440 546 32 30 
g 147 1440 576 32 32 1440 578 32 30 
g 147 1440 608 32 32 1440 610 32 30 
g 147 1440 640 32 32 1440 642 32 30 
g 147 1440 672 32 32 1440 674 32 30 
g 147 1440 704 32 32 1440 706 32 30 
g 147 1440 736 32 32 1440 738 32 30 
g 147 1440 768 32 32 1440 770 32 30 
g 147 1632 768 32 32 1632 770 32 30 
g 147 1664 768 32 32 1664 770 32 30 
g 147 1920 768 32 32 1920 770 32 30 
g 147 1952 768 32 32 1952 770 32 30 
g 147 1984 768 32 32 1984 770 32 30 
g 147 1984 704 32 32 1984 706 32 30 
g 147 1952 704 32 32 1952 706 32 30 
g 147 1952 672 32 32 1952 674 32 30 
g 147 1984 672 32 32 1984 674 32 30 
g 147 1984 640 32 32 1984 642 32 30 
g 147 1952 640 32 32 1952 642 32 30 
g 147 1952 608 32 32 1952 610 32 30 
g 147 1984 608 32 32 1984 610 32 30 
g 147 1984 576 32 32 1984 578 32 30 
g 147 1952 576 32 32 1952 578 32 30 
g 147 1952 544 32 32 1952 546 32 30 
g 147 1952 512 32 32 1952 514 32 30 
g 147 1984 512 32 32 1984 514 32 30 
g 147 1984 544 32 32 1984 546 32 30 
g 147 2112 768 32 32 2112 770 32 30 
g 147 2144 768 32 32 2144 770 32 30 
g 147 2176 768 32 32 2176 770 32 30 
g 147 2272 672 32 32 2272 674 32 30 
g 147 2272 640 32 32 2272 642 32 30 
g 147 2272 704 32 32 2272 706 32 30 
g 147 2272 736 32 32 2272 738 32 30 
g 147 2272 768 32 32 2272 770 32 30 
g 147 2464 576 32 32 2464 578 32 30 
g 147 2464 544 32 32 2464 546 32 30 
g 147 2496 544 32 32 2496 546 32 30 
g 147 2528 544 32 32 2528 546 32 30 
g 147 2560 544 32 32 2560 546 32 30 
g 147 2560 576 32 32 2560 578 32 30 
g 147 2528 576 32 32 2528 578 32 30 
g 147 2496 576 32 32 2496 578 32 30 
g 147 2464 608 32 32 2464 610 32 30 
g 147 2496 608 32 32 2496 610 32 30 
g 147 2528 608 32 32 2528 610 32 30 
g 147 2560 608 32 32 2560 610 32 30 
g 147 2560 640 32 32 2560 642 32 30 
g 147 2528 640 32 32 2528 642 32 30 
g 147 2496 640 32 32 2496 642 32 30 
g 147 2464 640 32 32 2464 642 32 30 
g 147 2464 672 32 32 2464 674 32 30 
g 147 2496 672 32 32 2496 674 32 30 
g 147 2528 672 32 32 2528 674 32 30 
g 147 2560 672 32 32 2560 674 32 30 
g 147 2560 704 32 32 2560 706 32 30 
g 147 2528 704 32 32 2528 706 32 30 
g 147 2496 704 32 32 2496 706 32 30 
g 147 2464 704 32 32 2464 706 32 30 
g 147 2464 736 32 32 2464 738 32 30 
g 147 2496 736 32 32 2496 738 32 30 
g 147 2528 736 32 32 2528 738 32 30 
g 147 2560 736 32 32 2560 738 32 30 
g 147 2560 768 32 32 2560 770 32 30 
g 147 2528 768 32 32 2528 770 32 30 
g 147 2496 768 32 32 2496 770 32 30 
g 147 2464 768 32 32 2464 770 32 30 
g 147 3168 704 32 32 3168 706 32 30 
g 147 3168 736 32 32 3168 738 32 30 
g 147 3168 768 32 32 3168 770 32 30 
g 147 3200 768 32 32 3200 770 32 30 
g 147 3200 736 32 32 3200 738 32 30 
g 147 3200 704 32 32 3200 706 32 30 
g 147 3360 576 32 32 3360 578 32 30 
g 147 3360 608 32 32 3360 610 32 30 
g 147 3360 640 32 32 3360 642 32 30 
g 147 3360 672 32 32 3360 674 32 30 
g 147 3360 704 32 32 3360 706 32 30 
g 147 3360 736 32 32 3360 738 32 30 
g 147 3360 768 32 32 3360 770 32 30 
g 147 3392 768 32 32 3392 770 32 30 
g 147 3392 736 32 32 3392 738 32 30 
g 147 3392 704 32 32 3392 706 32 30 
g 147 3392 672 32 32 3392 674 32 30 
g 147 3392 640 32 32 3392 642 32 30 
g 147 3392 608 32 32 3392 610 32 30 
g 147 3392 576 32 32 3392 578 32 30 
g 147 3424 576 32 32 3424 578 32 30 
g 147 3424 608 32 32 3424 610 32 30 
g 147 3424 640 32 32 3424 642 32 30 
g 147 3424 672 32 32 3424 674 32 30 
g 147 3424 704 32 32 3424 706 32 30 
g 147 3424 736 32 32 3424 738 32 30 
g 147 3424 768 32 32 3424 770 32 30 
g 147 3456 768 32 32 3456 770 32 30 
g 147 3456 736 32 32 3456 738 32 30 
g 147 3456 704 32 32 3456 706 32 30 
g 147 3456 672 32 32 3456 674 32 30 
g 147 3456 640 32 32 3456 642 32 30 
g 147 3456 608 32 32 3456 610 32 30 
g 147 3456 576 32 32 3456 578 32 30 
g 147 3488 576 32 32 3488 578 32 30 
g 147 3488 608 32 32 3488 610 32 30 
g 147 3488 640 32 32 3488 642 32 30 
g 147 3488 672 32 32 3488 674 32 30 
g 147 3488 704 32 32 3488 706 32 30 
g 147 3488 736 32 32 3488 738 32 30 
g 147 3488 768 32 32 3488 770 32 30 
g 147 3520 768 32 32 3520 770 32 30 
g 147 3520 736 32 32 3520 738 32 30 
g 147 3520 704 32 32 3520 706 32 30 
g 147 3520 672 32 32 3520 674 32 30 
g 147 3520 640 32 32 3520 642 32 30 
g 147 3520 608 32 32 3520 610 32 30 
g 147 3520 576 32 32 3520 578 32 30 
g 147 3648 768 32 32 3648 770 32 30 
g 147 3744 640 32 32 3744 642 32 30 
g 147 3744 672 32 32 3744 674 32 30 
g 147 3744 704 32 32 3744 706 32 30 
g 147 3744 768 32 32 3744 770 32 30 
g 147 3744 768 32 32 3744 770 32 30 
g 147 3744 736 32 32 3744 738 32 30 
g 147 3776 736 32 32 3776 738 32 30 
g 147 3776 768 32 32 3776 770 32 30 
g 147 3776 704 32 32 3776 706 32 30 
g 147 3776 672 32 32 3776 674 32 30 
g 147 3776 640 32 32 3776 642 32 30 
g 147 3936 640 32 32 3936 642 32 30 
g 147 3936 672 32 32 3936 674 32 30 
g 147 3936 736 32 32 3936 738 32 30 
g 147 3936 704 32 32 3936 706 32 30 
g 147 3936 768 32 32 3936 770 32 30 
g 147 3968 768 32 32 3968 770 32 30 
g 147 3968 736 32 32 3968 738 32 30 
g 147 3968 704 32 32 3968 706 32 30 
g 147 3968 672 32 32 3968 674 32 30 
g 147 3968 640 32 32 3968 642 32 30 
b 148 576 704 32 32 576 706 32 30 
b 150 608 704 32 32 608 706 32 30 
b 150 640 704 32 32 640 706 32 30 
b 149 672 704 32 32 672 706 32 30 
b 148 768 608 32 32 768 610 32 30 
b 150 800 608 32 32 800 610 32 30 
b 150 832 608 32 32 832 610 32 30 
b 150 864 608 32 32 864 610 32 30 
b 150 896 608 32 32 896 610 32 30 
b 150 928 608 32 32 928 610 32 30 
b 150 960 608 32 32 960 610 32 30 
b 149 992 608 32 32 992 610 32 30 
b 148 832 480 32 32 832 482 32 30 
b 150 864 480 32 32 864 482 32 30 
b 150 896 480 32 32 896 482 32 30 
b 150 928 480 32 32 928 482 32 30 
b 149 960 480 32 32 960 482 32 30 
b 148 1024 704 32 32 1024 706 32 30 
b 150 1056 704 32 32 1056 706 32 30 
b 149 1088 704 32 32 1088 706 32 30 
b 148 1120 576 32 32 1120 578 32 30 
b 150 1152 576 32 32 1152 578 32 30 
b 150 1184 576 32 32 1184 578 32 30 
b 150 1216 576 32 32 1216 578 32 30 
b 149 1248 576 32 32 1248 578 32 30 
b 148 1280 448 32 32 1280 450 32 30 
b 150 1312 448 32 32 1312 450 32 30 
b 150 1344 448 32 32 1344 450 32 30 
b 150 1376 448 32 32 1376 450 32 30 
b 150 1408 448 32 32 1408 450 32 30 
b 150 1440 448 32 32 1440 450 32 30 
b 149 1472 448 32 32 1472 450 32 30 
b 148 1600 736 32 32 1600 738 32 30 
b 150 1632 736 32 32 1632 738 32 30 
b 150 1664 736 32 32 1664 738 32 30 
b 149 1696 736 32 32 1696 738 32 30 
b 148 1888 736 32 32 1888 738 32 30 
b 148 1920 480 32 32 1920 482 32 30 
b 148 2080 736 32 32 2080 738 32 30 
b 149 2016 736 32 32 2016 738 32 30 
b 149 2208 736 32 32 2208 738 32 30 
b 150 1920 736 32 32 1920 738 32 30 
b 150 1952 736 32 32 1952 738 32 30 
b 150 1984 736 32 32 1984 738 32 30 
b 150 1952 480 32 32 1952 482 32 30 
b 150 1984 480 32 32 1984 482 32 30 
b 150 2112 736 32 32 2112 738 32 30 
b 150 2144 736 32 32 2144 738 32 30 
b 150 2176 736 32 32 2176 738 32 30 
b 149 2016 480 32 32 2016 482 32 30 
b 148 2240 608 32 32 2240 610 32 30 
b 150 2272 608 32 32 2272 610 32 30 
b 149 2304 608 32 32 2304 610 32 30 
b 148 2432 512 32 32 2432 514 32 30 
b 150 2464 512 32 32 2464 514 32 30 
b 150 2496 512 32 32 2496 514 32 30 
b 150 2528 512 32 32 2528 514 32 30 
b 150 2560 512 32 32 2560 514 32 30 
b 149 2592 512 32 32 2592 514 32 30 
b 148 3136 672 32 32 3136 674 32 30 
b 150 3168 672 32 32 3168 674 32 30 
b 150 3200 672 32 32 3200 674 32 30 
b 149 3232 672 32 32 3232 674 32 30 
b 148 3328 544 32 32 3328 546 32 30 
b 150 3360 544 32 32 3360 546 32 30 
b 150 3392 544 32 32 3392 546 32 30 
b 150 3424 544 32 32 3424 546 32 30 
b 150 3456 544 32 32 3456 546 32 30 
b 150 3488 544 32 32 3488 546 32 30 
b 150 3520 544 32 32 3520 546 32 30 
b 149 3552 544 32 32 3552 546 32 30 
b 148 3616 736 32 32 3616 738 32 30 
b 150 3648 736 32 32 3648 738 32 30 
b 149 3680 736 32 32 3680 738 32 30 
b 148 3712 608 32 32 3712 610 32 30 
b 150 3744 608 32 32 3744 610 32 30 
b 150 3776 608 32 32 3776 610 32 30 
b 150 3936 608 32 32 3936 610 32 30 
b 149 3808 608 32 32 3808 610 32 30 
b 149 4000 608 32 32 4000 610 32 30 
b 148 3904 608 32 32 3904 610 32 30 
b 150 3968 608 32 32 3968 610 32 30 
g 31 96 416 32 32 96 418 32 30 
g 29 128 416 32 32 128 418 32 30 
g 29 160 416 32 32 160 418 32 30 
g 33 192 416 32 32 192 418 32 30 
g 30 96 448 32 32 96 450 32 30 
g 28 128 448 32 32 128 450 32 30 
g 28 160 448 32 32 160 450 32 30 
g 32 192 448 32 32 192 450 32 30 
g 31 288 544 32 32 288 546 32 30 
g 29 320 544 32 32 320 546 32 30 
g 33 352 544 32 32 352 546 32 30 
g 30 288 576 32 32 288 578 32 30 
g 28 320 576 32 32 320 578 32 30 
g 32 352 576 32 32 352 578 32 30 
g 31 576 384 32 32 576 386 32 30 
g 31 576 384 32 32 576 386 32 30 
g 29 608 384 32 32 608 386 32 30 
g 33 672 384 32 32 672 386 32 30 
g 29 640 384 32 32 640 386 32 30 
g 30 576 416 32 32 576 418 32 30 
g 28 608 416 32 32 608 418 32 30 
g 28 640 416 32 32 640 418 32 30 
g 32 672 416 32 32 672 418 32 30 
g 31 1120 544 32 32 1120 546 32 30 
g 29 1152 544 32 32 1152 546 32 30 
g 33 1184 544 32 32 1184 546 32 30 
g 31 1216 512 32 32 1216 514 32 30 
g 29 1248 512 32 32 1248 514 32 30 
g 33 1280 512 32 32 1280 514 32 30 
g 30 1216 544 32 32 1216 546 32 30 
g 28 1248 544 32 32 1248 546 32 30 
g 32 1280 544 32 32 1280 546 32 30 
g 31 1472 672 32 32 1472 674 32 30 
g 29 1504 672 32 32 1504 674 32 30 
g 33 1536 672 32 32 1536 674 32 30 
g 30 1472 704 32 32 1472 706 32 30 
g 28 1504 704 32 32 1504 706 32 30 
g 32 1536 704 32 32 1536 706 32 30 
g 31 1632 416 32 32 1632 418 32 30 
g 29 1664 416 32 32 1664 418 32 30 
g 29 1696 416 32 32 1696 418 32 30 
g 33 1728 416 32 32 1728 418 32 30 
g 30 1632 448 32 32 1632 450 32 30 
g 28 1664 448 32 32 1664 450 32 30 
g 32 1728 448 32 32 1728 450 32 30 
g 28 1696 448 32 32 1696 450 32 30 
g 31 1824 544 32 32 1824 546 32 30 
g 29 1856 544 32 32 1856 546 32 30 
g 33 1888 544 32 32 1888 546 32 30 
g 30 1824 576 32 32 1824 578 32 30 
g 28 1856 576 32 32 1856 578 32 30 
g 32 1888 576 32 32 1888 578 32 30 
g 31 2112 384 32 32 2112 386 32 30 
g 29 2144 384 32 32 2144 386 32 30 
g 29 2176 384 32 32 2176 386 32 30 
g 33 2208 384 32 32 2208 386 32 30 
g 30 2112 416 32 32 2112 418 32 30 
g 28 2144 416 32 32 2144 418 32 30 
g 28 2176 416 32 32 2176 418 32 30 
g 32 2208 416 32 32 2208 418 32 30 
g 31 2432 672 32 32 2432 674 32 30 
g 30 2432 704 32 32 2432 706 32 30 
g 31 2656 544 32 32 2656 546 32 30 
g 29 2688 544 32 32 2688 546 32 30 
g 33 2720 544 32 32 2720 546 32 30 
g 30 2656 576 32 32 2656 578 32 30 
g 28 2688 576 32 32 2688 578 32 30 
g 32 2720 576 32 32 2720 578 32 30 
g 31 2752 512 32 32 2752 514 32 30 
g 29 2784 512 32 32 2784 514 32 30 
g 33 2816 512 32 32 2816 514 32 30 
g 30 2752 544 32 32 2752 546 32 30 
g 28 2784 544 32 32 2784 546 32 30 
g 32 2816 544 32 32 2816 546 32 30 
g 31 3008 672 32 32 3008 674 32 30 
g 29 3040 672 32 32 3040 674 32 30 
g 33 3072 672 32 32 3072 674 32 30 
g 30 3008 704 32 32 3008 706 32 30 
g 28 3040 704 32 32 3040 706 32 30 
g 32 3072 704 32 32 3072 706 32 30 
g 31 3168 416 32 32 3168 418 32 30 
g 29 3200 416 32 32 3200 418 32 30 
g 29 3232 416 32 32 3232 418 32 30 
g 33 3264 416 32 32 3264 418 32 30 
g 30 3168 448 32 32 3168 450 32 30 
g 28 3200 448 32 32 3200 450 32 30 
g 28 3232 448 32 32 3232 450 32 30 
g 32 3264 448 32 32 3264 450 32 30 
g 31 3648 384 32 32 3648 386 32 30 
g 29 3680 384 32 32 3680 386 32 30 
g 29 3712 384 32 32 3712 386 32 30 
g 33 3744 384 32 32 3744 386 32 30 
g 30 3648 416 32 32 3648 418 32 30 
g 28 3680 416 32 32 3680 418 32 30 
g 28 3712 416 32 32 3712 418 32 30 
g 32 3744 416 32 32 3744 418 32 30 
g 29 4000 672 32 32 4000 674 32 30 
g 33 4032 672 32 32 4032 674 32 30 
g 28 4000 704 32 32 4000 706 32 30 
g 32 4032 704 32 32 4032 706 32 30 
g 31 4192 544 32 32 4192 546 32 30 
g 29 4224 544 32 32 4224 546 32 30 
g 33 4256 544 32 32 4256 546 32 30 
g 30 4192 576 32 32 4192 578 32 30 
g 28 4224 576 32 32 4224 578 32 30 
g 32 4256 576 32 32 4256 578 32 30 
g 31 4288 512 32 32 4288 514 32 30 
g 29 4320 512 32 32 4320 514 32 30 
g 33 4352 512 32 32 4352 514 32 30 
g 30 4288 544 32 32 4288 546 32 30 
g 28 4320 544 32 32 4320 546 32 30 
g 32 4352 544 32 32 4352 546 32 30 
g 33 4608 672 32 32 4608 674 32 30 
g 32 4608 704 32 32 4608 706 32 30 
g 31 4704 416 32 32 4704 418 32 30 
g 29 4736 416 32 32 4736 418 32 30 
g 29 4768 416 32 32 4768 418 32 30 
g 33 4800 416 32 32 4800 418 32 30 
g 30 4704 448 32 32 4704 450 32 30 
g 28 4768 448 32 32 4768 450 32 30 
g 32 4800 448 32 32 4800 450 32 30 
g 31 4896 544 32 32 4896 546 32 30 
g 29 4928 544 32 32 4928 546 32 30 
g 30 4896 576 32 32 4896 578 32 30 
g 28 4928 576 32 32 4928 578 32 30 
g 31 5184 384 32 32 5184 386 32 30 
g 29 5216 384 32 32 5216 386 32 30 
g 29 5248 384 32 32 5248 386 32 30 
g 33 5280 384 32 32 5280 386 32 30 
g 30 5184 416 32 32 5184 418 32 30 
g 28 5216 416 32 32 5216 418 32 30 
g 32 5280 416 32 32 5280 418 32 30 
g 28 4736 448 32 32 4736 450 32 30 
g 28 5248 416 32 32 5248 418 32 30 
