1504
0
M 0 242 706 24 32 242 706 24 32 4 350 500 450 0
x 672 
b 1 0 736 32 32 0 738 32 30 
b 1 0 768 32 32 0 770 32 30 
b 1 32 736 32 32 32 738 32 30 
b 1 32 768 32 32 32 770 32 30 
b 1 64 736 32 32 64 738 32 30 
b 1 64 768 32 32 64 770 32 30 
b 1 96 736 32 32 96 738 32 30 
b 1 96 768 32 32 96 770 32 30 
b 1 128 736 32 32 128 738 32 30 
b 1 128 768 32 32 128 770 32 30 
b 1 160 736 32 32 160 738 32 30 
b 1 160 768 32 32 160 770 32 30 
b 1 192 736 32 32 192 738 32 30 
b 1 192 768 32 32 192 770 32 30 
b 1 224 736 32 32 224 738 32 30 
b 1 224 768 32 32 224 770 32 30 
b 1 256 736 32 32 256 738 32 30 
b 1 256 768 32 32 256 770 32 30 
b 1 288 736 32 32 288 738 32 30 
b 1 288 768 32 32 288 770 32 30 
b 1 320 736 32 32 320 738 32 30 
b 1 320 768 32 32 320 770 32 30 
b 1 352 736 32 32 352 738 32 30 
b 1 352 768 32 32 352 770 32 30 
b 1 384 736 32 32 384 738 32 30 
b 1 384 768 32 32 384 770 32 30 
b 1 416 736 32 32 416 738 32 30 
b 1 416 768 32 32 416 770 32 30 
b 1 448 736 32 32 448 738 32 30 
b 1 448 768 32 32 448 770 32 30 
b 1 480 768 32 32 480 770 32 30 
b 1 480 736 32 32 480 738 32 30 
b 1 512 736 32 32 512 738 32 30 
b 1 512 768 32 32 512 770 32 30 
b 1 544 736 32 32 544 738 32 30 
b 1 544 768 32 32 544 770 32 30 
b 1 576 736 32 32 576 738 32 30 
b 1 576 768 32 32 576 770 32 30 
b 1 608 736 32 32 608 738 32 30 
b 1 608 768 32 32 608 770 32 30 
b 1 640 736 32 32 640 738 32 30 
b 1 640 768 32 32 640 770 32 30 
b 1 672 736 32 32 672 738 32 30 
b 1 672 768 32 32 672 770 32 30 
b 1 704 736 32 32 704 738 32 30 
b 1 704 768 32 32 704 770 32 30 
b 1 736 736 32 32 736 738 32 30 
b 1 736 768 32 32 736 770 32 30 
b 1 768 736 32 32 768 738 32 30 
b 1 768 768 32 32 768 770 32 30 
b 1 1184 736 32 32 1184 738 32 30 
b 1 1184 768 32 32 1184 770 32 30 
b 1 1152 736 32 32 1152 738 32 30 
b 1 1152 768 32 32 1152 770 32 30 
b 1 1120 736 32 32 1120 738 32 30 
b 1 1120 768 32 32 1120 770 32 30 
b 1 1088 736 32 32 1088 738 32 30 
b 1 1088 768 32 32 1088 770 32 30 
b 1 1056 736 32 32 1056 738 32 30 
b 1 1056 768 32 32 1056 770 32 30 
b 1 1024 736 32 32 1024 738 32 30 
b 1 1024 768 32 32 1024 770 32 30 
b 1 992 736 32 32 992 738 32 30 
b 1 992 768 32 32 992 770 32 30 
b 1 960 736 32 32 960 738 32 30 
b 1 960 768 32 32 960 770 32 30 
b 1 928 768 32 32 928 770 32 30 
b 1 928 736 32 32 928 738 32 30 
b 1 896 736 32 32 896 738 32 30 
b 1 896 768 32 32 896 770 32 30 
b 1 864 768 32 32 864 770 32 30 
b 1 864 736 32 32 864 738 32 30 
b 1 832 736 32 32 832 738 32 30 
b 1 832 768 32 32 832 770 32 30 
b 1 800 768 32 32 800 770 32 30 
b 1 800 736 32 32 800 738 32 30 
b 1 1216 736 32 32 1216 738 32 30 
b 1 1216 768 32 32 1216 770 32 30 
b 1 1248 736 32 32 1248 738 32 30 
b 1 1248 768 32 32 1248 770 32 30 
b 1 1280 736 32 32 1280 738 32 30 
b 1 1280 768 32 32 1280 770 32 30 
b 1 1312 736 32 32 1312 738 32 30 
b 1 1312 768 32 32 1312 770 32 30 
b 1 1344 736 32 32 1344 738 32 30 
b 1 1344 768 32 32 1344 770 32 30 
b 1 1376 736 32 32 1376 738 32 30 
b 1 1376 768 32 32 1376 770 32 30 
b 1 1408 736 32 32 1408 738 32 30 
b 1 1408 768 32 32 1408 770 32 30 
b 1 1440 736 32 32 1440 738 32 30 
b 1 1440 768 32 32 1440 770 32 30 
b 1 1472 736 32 32 1472 738 32 30 
b 1 1472 768 32 32 1472 770 32 30 
b 9 128 704 32 32 128 706 32 30 
b 9 160 704 32 32 160 706 32 30 
b 9 160 672 32 32 160 674 32 30 
b 9 192 640 32 32 192 642 32 30 
b 9 192 672 32 32 192 674 32 30 
b 9 192 704 32 32 192 706 32 30 
b 9 224 704 32 32 224 706 32 30 
b 9 224 608 32 32 224 610 32 30 
b 9 224 640 32 32 224 642 32 30 
b 9 256 704 32 32 256 706 32 30 
b 9 256 672 32 32 256 674 32 30 
b 9 224 672 32 32 224 674 32 30 
b 9 256 640 32 32 256 642 32 30 
b 9 256 608 32 32 256 610 32 30 
b 9 256 576 32 32 256 578 32 30 
b 9 288 544 32 32 288 546 32 30 
b 9 288 576 32 32 288 578 32 30 
b 9 288 608 32 32 288 610 32 30 
b 9 288 640 32 32 288 642 32 30 
b 9 288 672 32 32 288 674 32 30 
b 9 288 704 32 32 288 706 32 30 
b 9 320 704 32 32 320 706 32 30 
b 9 320 672 32 32 320 674 32 30 
b 9 320 640 32 32 320 642 32 30 
b 9 320 608 32 32 320 610 32 30 
b 9 320 576 32 32 320 578 32 30 
b 9 320 544 32 32 320 546 32 30 
b 9 320 512 32 32 320 514 32 30 
b 9 352 480 32 32 352 482 32 30 
b 9 352 512 32 32 352 514 32 30 
b 9 352 544 32 32 352 546 32 30 
b 9 352 576 32 32 352 578 32 30 
b 9 352 608 32 32 352 610 32 30 
b 9 352 640 32 32 352 642 32 30 
b 9 352 672 32 32 352 674 32 30 
b 9 352 704 32 32 352 706 32 30 
b 9 384 704 32 32 384 706 32 30 
b 9 384 672 32 32 384 674 32 30 
b 9 384 640 32 32 384 642 32 30 
b 9 384 608 32 32 384 610 32 30 
b 9 384 576 32 32 384 578 32 30 
b 9 384 544 32 32 384 546 32 30 
b 9 384 512 32 32 384 514 32 30 
b 9 384 480 32 32 384 482 32 30 
b 9 672 704 32 32 672 706 32 30 
g 31 96 384 32 32 96 386 32 30 
g 29 128 384 32 32 128 386 32 30 
g 29 160 384 32 32 160 386 32 30 
g 33 192 384 32 32 192 386 32 30 
g 30 96 416 32 32 96 418 32 30 
g 28 128 416 32 32 128 418 32 30 
g 28 160 416 32 32 160 418 32 30 
g 32 192 416 32 32 192 418 32 30 
g 31 736 416 32 32 736 418 32 30 
g 29 768 416 32 32 768 418 32 30 
g 33 800 416 32 32 800 418 32 30 
g 30 736 448 32 32 736 450 32 30 
g 28 768 448 32 32 768 450 32 30 
g 32 800 448 32 32 800 450 32 30 
g 31 1088 384 32 32 1088 386 32 30 
g 29 1120 384 32 32 1120 386 32 30 
g 33 1152 384 32 32 1152 386 32 30 
g 30 1088 416 32 32 1088 418 32 30 
g 28 1120 416 32 32 1120 418 32 30 
g 32 1152 416 32 32 1152 418 32 30 
g 23 512 704 32 32 512 706 32 30 
g 23 576 704 32 32 576 706 32 30 
g 23 544 672 32 32 544 674 32 30 
g 25 480 704 32 32 480 706 32 30 
g 25 512 672 32 32 512 674 32 30 
g 26 576 672 32 32 576 674 32 30 
g 26 608 704 32 32 608 706 32 30 
g 27 544 640 32 32 544 642 32 30 
g 23 1024 704 32 32 1024 706 32 30 
g 25 992 704 32 32 992 706 32 30 
g 26 1056 704 32 32 1056 706 32 30 
g 27 1024 672 32 32 1024 674 32 30 
g 36 960 704 32 32 960 706 32 30 
g 34 1216 704 32 32 1216 706 32 30 
g 35 1248 704 32 32 1248 706 32 30 
g 36 1280 704 32 32 1280 706 32 30 
b 39 64 704 32 32 64 706 32 30 
b 40 96 704 32 32 96 706 32 30 
b 37 64 672 32 32 64 674 32 30 
b 38 96 672 32 32 96 674 32 30 
g 42 864 704 32 32 864 706 32 30 
g 46 832 640 32 32 832 642 32 30 
g 46 864 640 32 32 864 642 32 30 
g 46 896 640 32 32 896 642 32 30 
g 47 800 640 32 32 800 642 32 30 
g 47 928 640 32 32 928 642 32 30 
g 43 864 672 32 32 864 674 32 30 
g 41 832 672 32 32 832 674 32 30 
g 41 832 704 32 32 832 706 32 30 
g 41 800 704 32 32 800 706 32 30 
g 41 800 672 32 32 800 674 32 30 
g 41 896 672 32 32 896 674 32 30 
g 41 896 704 32 32 896 706 32 30 
g 41 928 672 32 32 928 674 32 30 
g 41 928 704 32 32 928 706 32 30 
g 41 864 608 32 32 864 610 32 30 
g 47 832 576 32 32 832 578 32 30 
g 47 864 576 32 32 864 578 32 30 
g 47 896 576 32 32 896 578 32 30 
g 44 832 608 32 32 832 610 32 30 
g 45 896 608 32 32 896 610 32 30 
g 48 672 672 32 32 672 674 32 30 
g 48 672 640 32 32 672 642 32 30 
g 48 672 608 32 32 672 610 32 30 
g 48 672 576 32 32 672 578 32 30 
g 48 672 544 32 32 672 546 32 30 
g 48 672 512 32 32 672 514 32 30 
g 48 672 480 32 32 672 482 32 30 
g 48 672 448 32 32 672 450 32 30 
g 48 672 416 32 32 672 418 32 30 
g 50 672 384 32 32 672 386 32 30 
g 49 656 418 32 30 656 418 32 30 
g 24 544 704 32 32 544 706 32 30 
