6144
1
a 107 0 704 32 32 0 706 32 30 
a 107 0 672 32 32 0 674 32 30 
a 107 0 640 32 32 0 642 32 30 
a 107 0 576 32 32 0 578 32 30 
a 107 0 544 32 32 0 546 32 30 
a 107 0 608 32 32 0 610 32 30 
a 107 0 480 32 32 0 482 32 30 
a 107 0 416 32 32 0 418 32 30 
a 107 0 512 32 32 0 514 32 30 
a 107 0 448 32 32 0 450 32 30 
a 107 0 384 32 32 0 386 32 30 
a 107 192 384 32 32 192 386 32 30 
a 107 224 384 32 32 224 386 32 30 
a 107 256 384 32 32 256 386 32 30 
a 107 288 384 32 32 288 386 32 30 
a 107 352 384 32 32 352 386 32 30 
a 107 320 384 32 32 320 386 32 30 
a 107 384 384 32 32 384 386 32 30 
a 107 416 384 32 32 416 386 32 30 
a 107 448 384 32 32 448 386 32 30 
a 107 480 384 32 32 480 386 32 30 
a 107 544 384 32 32 544 386 32 30 
a 107 544 384 32 32 544 386 32 30 
a 107 512 384 32 32 512 386 32 30 
a 107 576 384 32 32 576 386 32 30 
a 107 608 384 32 32 608 386 32 30 
a 107 672 384 32 32 672 386 32 30 
a 107 704 384 32 32 704 386 32 30 
a 107 640 384 32 32 640 386 32 30 
a 107 736 384 32 32 736 386 32 30 
a 107 768 384 32 32 768 386 32 30 
a 107 800 384 32 32 800 386 32 30 
a 107 832 384 32 32 832 386 32 30 
a 107 832 384 32 32 832 386 32 30 
a 107 864 384 32 32 864 386 32 30 
a 107 896 384 32 32 896 386 32 30 
a 107 928 384 32 32 928 386 32 30 
a 107 960 384 32 32 960 386 32 30 
a 107 992 384 32 32 992 386 32 30 
a 107 1024 384 32 32 1024 386 32 30 
a 107 1024 384 32 32 1024 386 32 30 
a 107 1056 384 32 32 1056 386 32 30 
a 107 1088 384 32 32 1088 386 32 30 
a 107 1120 384 32 32 1120 386 32 30 
a 107 1152 384 32 32 1152 386 32 30 
a 107 1184 384 32 32 1184 386 32 30 
a 107 1216 384 32 32 1216 386 32 30 
a 107 1248 384 32 32 1248 386 32 30 
a 107 1280 384 32 32 1280 386 32 30 
a 107 1312 384 32 32 1312 386 32 30 
a 107 1344 384 32 32 1344 386 32 30 
a 107 1376 384 32 32 1376 386 32 30 
a 107 1408 384 32 32 1408 386 32 30 
a 107 1440 384 32 32 1440 386 32 30 
a 107 1472 384 32 32 1472 386 32 30 
a 107 1248 544 32 32 1248 546 32 30 
a 107 1248 576 32 32 1248 578 32 30 
a 107 1248 608 32 32 1248 610 32 30 
a 107 1280 608 32 32 1280 610 32 30 
a 107 1312 608 32 32 1312 610 32 30 
a 107 1312 576 32 32 1312 578 32 30 
a 107 1312 544 32 32 1312 546 32 30 
a 107 1344 544 32 32 1344 546 32 30 
a 107 1376 544 32 32 1376 546 32 30 
a 107 1408 544 32 32 1408 546 32 30 
a 107 1408 576 32 32 1408 578 32 30 
a 107 1408 608 32 32 1408 610 32 30 
a 107 1440 608 32 32 1440 610 32 30 
a 107 1472 608 32 32 1472 610 32 30 
a 107 1472 576 32 32 1472 578 32 30 
a 107 1504 384 32 32 1504 386 32 30 
a 107 1536 384 32 32 1536 386 32 30 
a 107 1568 384 32 32 1568 386 32 30 
a 107 1600 384 32 32 1600 386 32 30 
a 107 1632 384 32 32 1632 386 32 30 
a 107 1664 384 32 32 1664 386 32 30 
a 107 1664 384 32 32 1664 386 32 30 
a 107 1696 384 32 32 1696 386 32 30 
a 107 1760 384 32 32 1760 386 32 30 
a 107 1760 384 32 32 1760 386 32 30 
a 107 1728 384 32 32 1728 386 32 30 
a 107 1792 384 32 32 1792 386 32 30 
a 107 1824 384 32 32 1824 386 32 30 
a 107 1760 416 32 32 1760 418 32 30 
a 107 1728 416 32 32 1728 418 32 30 
a 107 1728 448 32 32 1728 450 32 30 
a 107 1760 448 32 32 1760 450 32 30 
a 107 1696 480 32 32 1696 482 32 30 
a 107 1664 480 32 32 1664 482 32 30 
a 107 1664 512 32 32 1664 514 32 30 
a 107 1696 512 32 32 1696 514 32 30 
a 107 1696 544 32 32 1696 546 32 30 
a 107 1664 544 32 32 1664 546 32 30 
a 107 1664 576 32 32 1664 578 32 30 
a 107 1696 576 32 32 1696 578 32 30 
a 107 1696 608 32 32 1696 610 32 30 
a 107 1664 608 32 32 1664 610 32 30 
a 107 1728 608 32 32 1728 610 32 30 
a 107 1728 640 32 32 1728 642 32 30 
a 107 1728 672 32 32 1728 674 32 30 
a 107 1760 672 32 32 1760 674 32 30 
a 107 1760 640 32 32 1760 642 32 30 
a 107 1760 608 32 32 1760 610 32 30 
a 107 1856 608 32 32 1856 610 32 30 
a 107 1920 608 32 32 1920 610 32 30 
a 107 1952 608 32 32 1952 610 32 30 
a 107 1888 608 32 32 1888 610 32 30 
a 107 1984 608 32 32 1984 610 32 30 
a 107 2016 608 32 32 2016 610 32 30 
a 107 2016 576 32 32 2016 578 32 30 
a 107 1984 576 32 32 1984 578 32 30 
a 107 1984 544 32 32 1984 546 32 30 
a 107 2016 512 32 32 2016 514 32 30 
a 107 1984 512 32 32 1984 514 32 30 
a 107 2016 544 32 32 2016 546 32 30 
a 107 2016 480 32 32 2016 482 32 30 
a 107 1984 480 32 32 1984 482 32 30 
a 107 1984 448 32 32 1984 450 32 30 
a 107 2016 448 32 32 2016 450 32 30 
a 107 2016 416 32 32 2016 418 32 30 
a 107 1952 416 32 32 1952 418 32 30 
a 107 1984 416 32 32 1984 418 32 30 
a 107 1920 416 32 32 1920 418 32 30 
a 107 1952 448 32 32 1952 450 32 30 
a 107 1920 448 32 32 1920 450 32 30 
a 107 1888 448 32 32 1888 450 32 30 
a 107 1856 448 32 32 1856 450 32 30 
a 107 1856 416 32 32 1856 418 32 30 
a 107 1888 416 32 32 1888 418 32 30 
a 107 1888 384 32 32 1888 386 32 30 
a 107 1856 384 32 32 1856 386 32 30 
a 107 1920 384 32 32 1920 386 32 30 
a 107 1952 384 32 32 1952 386 32 30 
a 107 1984 384 32 32 1984 386 32 30 
a 107 2016 384 32 32 2016 386 32 30 
a 107 2048 384 32 32 2048 386 32 30 
a 107 2080 384 32 32 2080 386 32 30 
a 107 2112 416 32 32 2112 418 32 30 
a 107 2112 448 32 32 2112 450 32 30 
a 107 2112 384 32 32 2112 386 32 30 
a 107 2112 384 32 32 2112 386 32 30 
a 107 2144 384 32 32 2144 386 32 30 
a 107 2144 416 32 32 2144 418 32 30 
a 107 2144 448 32 32 2144 450 32 30 
a 107 2144 480 32 32 2144 482 32 30 
a 107 2144 512 32 32 2144 514 32 30 
a 107 2144 544 32 32 2144 546 32 30 
a 107 2144 608 32 32 2144 610 32 30 
a 107 2144 608 32 32 2144 610 32 30 
a 107 2144 576 32 32 2144 578 32 30 
a 107 2176 608 32 32 2176 610 32 30 
a 107 2208 608 32 32 2208 610 32 30 
a 107 2208 448 32 32 2208 450 32 30 
a 107 2176 448 32 32 2176 450 32 30 
a 107 2176 384 32 32 2176 386 32 30 
a 107 2208 416 32 32 2208 418 32 30 
a 107 2176 416 32 32 2176 418 32 30 
a 107 2208 384 32 32 2208 386 32 30 
a 107 2240 384 32 32 2240 386 32 30 
a 107 2272 384 32 32 2272 386 32 30 
a 107 2304 384 32 32 2304 386 32 30 
a 107 2336 384 32 32 2336 386 32 30 
a 107 2368 384 32 32 2368 386 32 30 
a 107 2304 480 32 32 2304 482 32 30 
a 107 2336 480 32 32 2336 482 32 30 
a 107 2336 512 32 32 2336 514 32 30 
a 107 2304 512 32 32 2304 514 32 30 
a 107 2304 544 32 32 2304 546 32 30 
a 107 2336 544 32 32 2336 546 32 30 
a 107 2304 576 32 32 2304 578 32 30 
a 107 2304 608 32 32 2304 610 32 30 
a 107 2336 608 32 32 2336 610 32 30 
a 107 2432 384 32 32 2432 386 32 30 
a 107 2400 384 32 32 2400 386 32 30 
a 107 2464 384 32 32 2464 386 32 30 
a 107 2464 416 32 32 2464 418 32 30 
a 107 2432 416 32 32 2432 418 32 30 
a 107 2432 448 32 32 2432 450 32 30 
a 107 2464 448 32 32 2464 450 32 30 
a 107 2496 448 32 32 2496 450 32 30 
a 107 2496 416 32 32 2496 418 32 30 
a 107 2496 384 32 32 2496 386 32 30 
a 107 2528 384 32 32 2528 386 32 30 
a 107 2528 416 32 32 2528 418 32 30 
a 107 2528 448 32 32 2528 450 32 30 
a 107 2528 608 32 32 2528 610 32 30 
a 107 2496 608 32 32 2496 610 32 30 
a 107 2464 608 32 32 2464 610 32 30 
a 107 2432 608 32 32 2432 610 32 30 
a 107 2560 384 32 32 2560 386 32 30 
a 107 2592 384 32 32 2592 386 32 30 
a 107 2624 384 32 32 2624 386 32 30 
a 107 2656 384 32 32 2656 386 32 30 
a 107 2688 384 32 32 2688 386 32 30 
a 107 2688 544 32 32 2688 546 32 30 
a 107 2688 576 32 32 2688 578 32 30 
a 107 2720 576 32 32 2720 578 32 30 
a 107 2720 544 32 32 2720 546 32 30 
a 107 2752 544 32 32 2752 546 32 30 
a 107 2752 576 32 32 2752 578 32 30 
a 107 2784 576 32 32 2784 578 32 30 
a 107 2784 544 32 32 2784 546 32 30 
a 107 2816 544 32 32 2816 546 32 30 
a 107 2816 576 32 32 2816 578 32 30 
a 107 2848 576 32 32 2848 578 32 30 
a 107 2848 544 32 32 2848 546 32 30 
a 107 2752 384 32 32 2752 386 32 30 
a 107 2720 384 32 32 2720 386 32 30 
a 107 2784 384 32 32 2784 386 32 30 
a 107 2816 384 32 32 2816 386 32 30 
a 107 2880 384 32 32 2880 386 32 30 
a 107 2912 384 32 32 2912 386 32 30 
a 107 2976 384 32 32 2976 386 32 30 
a 107 2976 384 32 32 2976 386 32 30 
a 107 3008 384 32 32 3008 386 32 30 
a 107 2944 384 32 32 2944 386 32 30 
a 107 3040 384 32 32 3040 386 32 30 
a 107 3072 384 32 32 3072 386 32 30 
a 107 3104 384 32 32 3104 386 32 30 
a 107 3104 384 32 32 3104 386 32 30 
a 107 3136 384 32 32 3136 386 32 30 
a 107 3200 384 32 32 3200 386 32 30 
a 107 3168 384 32 32 3168 386 32 30 
a 107 3264 384 32 32 3264 386 32 30 
a 107 3232 384 32 32 3232 386 32 30 
a 107 3296 384 32 32 3296 386 32 30 
a 107 3328 384 32 32 3328 386 32 30 
a 107 3360 384 32 32 3360 386 32 30 
a 107 3392 384 32 32 3392 386 32 30 
a 107 3424 384 32 32 3424 386 32 30 
a 107 3456 384 32 32 3456 386 32 30 
a 107 3488 384 32 32 3488 386 32 30 
a 107 3520 384 32 32 3520 386 32 30 
a 107 3552 384 32 32 3552 386 32 30 
a 107 3616 384 32 32 3616 386 32 30 
a 107 3648 384 32 32 3648 386 32 30 
a 107 3680 384 32 32 3680 386 32 30 
a 107 3744 384 32 32 3744 386 32 30 
a 107 3712 384 32 32 3712 386 32 30 
a 107 3584 384 32 32 3584 386 32 30 
a 107 3776 384 32 32 3776 386 32 30 
a 107 3776 384 32 32 3776 386 32 30 
a 107 3840 384 32 32 3840 386 32 30 
a 107 3808 384 32 32 3808 386 32 30 
a 107 3872 384 32 32 3872 386 32 30 
a 107 3904 384 32 32 3904 386 32 30 
a 107 3936 384 32 32 3936 386 32 30 
a 107 3968 384 32 32 3968 386 32 30 
a 107 4000 384 32 32 4000 386 32 30 
a 107 3936 640 32 32 3936 642 32 30 
a 107 3904 640 32 32 3904 642 32 30 
a 107 3904 672 32 32 3904 674 32 30 
a 107 3904 704 32 32 3904 706 32 30 
a 107 3936 672 32 32 3936 674 32 30 
a 107 3936 704 32 32 3936 706 32 30 
a 107 4032 384 32 32 4032 386 32 30 
a 107 4064 384 32 32 4064 386 32 30 
a 107 4096 384 32 32 4096 386 32 30 
a 107 4128 384 32 32 4128 386 32 30 
a 107 4160 384 32 32 4160 386 32 30 
a 107 4192 384 32 32 4192 386 32 30 
a 107 4256 384 32 32 4256 386 32 30 
a 107 4224 384 32 32 4224 386 32 30 
a 107 4288 384 32 32 4288 386 32 30 
a 107 4352 384 32 32 4352 386 32 30 
a 107 4384 384 32 32 4384 386 32 30 
a 107 4320 384 32 32 4320 386 32 30 
a 107 4640 576 32 32 4640 578 32 30 
a 107 4672 576 32 32 4672 578 32 30 
a 107 4704 576 32 32 4704 578 32 30 
a 107 4736 576 32 32 4736 578 32 30 
a 107 4768 576 32 32 4768 578 32 30 
a 107 5120 640 32 32 5120 642 32 30 
a 107 5120 672 32 32 5120 674 32 30 
a 107 5120 704 32 32 5120 706 32 30 
a 107 5152 640 32 32 5152 642 32 30 
a 107 5152 672 32 32 5152 674 32 30 
a 107 5152 704 32 32 5152 706 32 30 
a 107 5184 704 32 32 5184 706 32 30 
a 107 5184 672 32 32 5184 674 32 30 
a 107 5184 640 32 32 5184 642 32 30 
a 107 5216 640 32 32 5216 642 32 30 
a 107 5216 672 32 32 5216 674 32 30 
a 107 5216 704 32 32 5216 706 32 30 
a 107 5216 704 32 32 5216 706 32 30 
a 107 5248 672 32 32 5248 674 32 30 
a 107 5248 640 32 32 5248 642 32 30 
a 107 5248 672 32 32 5248 674 32 30 
a 107 5248 704 32 32 5248 706 32 30 
a 107 5280 672 32 32 5280 674 32 30 
a 107 5280 704 32 32 5280 706 32 30 
a 107 5280 640 32 32 5280 642 32 30 
a 107 5312 640 32 32 5312 642 32 30 
a 107 5312 672 32 32 5312 674 32 30 
a 107 5344 704 32 32 5344 706 32 30 
a 107 5344 640 32 32 5344 642 32 30 
a 107 5344 672 32 32 5344 674 32 30 
a 107 5312 704 32 32 5312 706 32 30 
a 107 5376 672 32 32 5376 674 32 30 
a 107 5376 704 32 32 5376 706 32 30 
a 107 5376 640 32 32 5376 642 32 30 
a 107 5376 640 32 32 5376 642 32 30 
a 107 5408 640 32 32 5408 642 32 30 
a 107 5408 672 32 32 5408 674 32 30 
a 107 5408 704 32 32 5408 706 32 30 
a 107 5440 672 32 32 5440 674 32 30 
a 107 5440 640 32 32 5440 642 32 30 
a 107 5440 704 32 32 5440 706 32 30 
a 107 5440 576 32 32 5440 578 32 30 
a 107 5440 544 32 32 5440 546 32 30 
a 107 5440 512 32 32 5440 514 32 30 
a 107 5440 448 32 32 5440 450 32 30 
a 107 5440 416 32 32 5440 418 32 30 
a 107 5440 448 32 32 5440 450 32 30 
a 107 5440 480 32 32 5440 482 32 30 
a 107 5440 384 32 32 5440 386 32 30 
a 107 5344 384 32 32 5344 386 32 30 
a 107 5312 384 32 32 5312 386 32 30 
a 107 5280 384 32 32 5280 386 32 30 
a 107 5248 384 32 32 5248 386 32 30 
a 107 5216 384 32 32 5216 386 32 30 
a 107 5184 384 32 32 5184 386 32 30 
a 107 5152 384 32 32 5152 386 32 30 
a 107 5440 608 32 32 5440 610 32 30 
a 107 5472 608 32 32 5472 610 32 30 
a 107 5472 576 32 32 5472 578 32 30 
a 107 5472 544 32 32 5472 546 32 30 
a 107 5472 512 32 32 5472 514 32 30 
a 107 5472 448 32 32 5472 450 32 30 
a 107 5472 384 32 32 5472 386 32 30 
a 107 5472 416 32 32 5472 418 32 30 
a 107 5472 480 32 32 5472 482 32 30 
a 107 5472 640 32 32 5472 642 32 30 
a 107 5472 672 32 32 5472 674 32 30 
a 107 5472 704 32 32 5472 706 32 30 
a 107 5504 704 32 32 5504 706 32 30 
a 107 5504 672 32 32 5504 674 32 30 
a 107 5504 608 32 32 5504 610 32 30 
a 107 5504 640 32 32 5504 642 32 30 
a 107 5504 576 32 32 5504 578 32 30 
a 107 5504 544 32 32 5504 546 32 30 
a 107 5504 480 32 32 5504 482 32 30 
a 107 5504 512 32 32 5504 514 32 30 
a 107 5504 448 32 32 5504 450 32 30 
a 107 5504 416 32 32 5504 418 32 30 
a 107 5504 384 32 32 5504 386 32 30 
a 107 5536 384 32 32 5536 386 32 30 
a 107 5536 416 32 32 5536 418 32 30 
a 107 5536 448 32 32 5536 450 32 30 
a 107 5536 480 32 32 5536 482 32 30 
a 107 5536 512 32 32 5536 514 32 30 
a 107 5536 544 32 32 5536 546 32 30 
a 107 5536 576 32 32 5536 578 32 30 
a 107 5536 608 32 32 5536 610 32 30 
a 107 5536 640 32 32 5536 642 32 30 
a 107 5536 672 32 32 5536 674 32 30 
a 107 5536 704 32 32 5536 706 32 30 
a 107 5568 704 32 32 5568 706 32 30 
a 107 5568 672 32 32 5568 674 32 30 
a 107 5568 608 32 32 5568 610 32 30 
a 107 5568 640 32 32 5568 642 32 30 
a 107 5568 576 32 32 5568 578 32 30 
a 107 5568 512 32 32 5568 514 32 30 
a 107 5568 544 32 32 5568 546 32 30 
a 107 5568 480 32 32 5568 482 32 30 
a 107 5568 416 32 32 5568 418 32 30 
a 107 5568 384 32 32 5568 386 32 30 
a 107 5568 416 32 32 5568 418 32 30 
a 107 5600 384 32 32 5600 386 32 30 
a 107 5600 448 32 32 5600 450 32 30 
a 107 5600 416 32 32 5600 418 32 30 
a 107 5568 448 32 32 5568 450 32 30 
a 107 5600 480 32 32 5600 482 32 30 
a 107 5600 512 32 32 5600 514 32 30 
a 107 5600 544 32 32 5600 546 32 30 
a 107 5600 576 32 32 5600 578 32 30 
a 107 5600 608 32 32 5600 610 32 30 
a 107 5600 640 32 32 5600 642 32 30 
a 107 5600 672 32 32 5600 674 32 30 
a 107 5600 704 32 32 5600 706 32 30 
a 107 5632 704 32 32 5632 706 32 30 
a 107 5632 672 32 32 5632 674 32 30 
a 107 5632 640 32 32 5632 642 32 30 
a 107 5632 608 32 32 5632 610 32 30 
a 107 5632 576 32 32 5632 578 32 30 
a 107 5632 544 32 32 5632 546 32 30 
a 107 5632 512 32 32 5632 514 32 30 
a 107 5632 480 32 32 5632 482 32 30 
a 107 5632 448 32 32 5632 450 32 30 
a 107 5632 416 32 32 5632 418 32 30 
a 107 5632 384 32 32 5632 386 32 30 
a 107 5664 384 32 32 5664 386 32 30 
a 107 5696 384 32 32 5696 386 32 30 
a 107 5728 384 32 32 5728 386 32 30 
a 107 5760 384 32 32 5760 386 32 30 
a 107 5792 384 32 32 5792 386 32 30 
a 107 5824 384 32 32 5824 386 32 30 
a 107 5856 384 32 32 5856 386 32 30 
a 107 5888 384 32 32 5888 386 32 30 
a 107 5920 384 32 32 5920 386 32 30 
a 107 5952 384 32 32 5952 386 32 30 
a 107 6112 384 32 32 6112 386 32 30 
a 107 6080 384 32 32 6080 386 32 30 
a 107 6080 416 32 32 6080 418 32 30 
a 107 6080 416 32 32 6080 418 32 30 
a 107 6080 448 32 32 6080 450 32 30 
a 107 6080 480 32 32 6080 482 32 30 
a 107 6080 512 32 32 6080 514 32 30 
a 107 6080 544 32 32 6080 546 32 30 
a 107 6080 576 32 32 6080 578 32 30 
a 107 6080 608 32 32 6080 610 32 30 
a 107 6080 640 32 32 6080 642 32 30 
a 107 6080 672 32 32 6080 674 32 30 
a 107 6080 704 32 32 6080 706 32 30 
a 107 6080 704 32 32 6080 706 32 30 
a 107 6080 704 32 32 6080 706 32 30 
a 107 6080 672 32 32 6080 674 32 30 
a 107 6112 416 32 32 6112 418 32 30 
a 107 6112 448 32 32 6112 450 32 30 
a 107 6112 480 32 32 6112 482 32 30 
a 107 6112 512 32 32 6112 514 32 30 
a 107 6112 544 32 32 6112 546 32 30 
a 107 6112 576 32 32 6112 578 32 30 
a 107 6112 608 32 32 6112 610 32 30 
a 107 6080 640 32 32 6080 642 32 30 
a 107 6112 608 32 32 6112 610 32 30 
a 107 6112 640 32 32 6112 642 32 30 
a 107 6112 704 32 32 6112 706 32 30 
a 107 6112 672 32 32 6112 674 32 30 
m 107 928 576 32 32 928 578 32 30 
m 107 2336 576 32 32 2336 578 32 30 
u 107 2208 576 32 32 2208 578 32 30 
u 107 4800 576 32 32 4800 578 32 30 
p 51 320 608 32 32 320 610 32 30 
p 51 352 608 32 32 352 610 32 30 c 
p 51 384 608 32 32 384 610 32 30 c 
p 51 416 608 32 32 416 610 32 30 c 
p 51 448 608 32 32 448 610 32 30 c 
u 107 1472 544 32 32 1472 546 32 30 s 
u 107 2848 384 32 32 2848 386 32 30 h 
l 103 1280 576 32 32 1280 578 32 30 
l 103 1312 480 32 32 1312 482 32 30 
l 103 1344 480 32 32 1344 482 32 30 
l 103 1376 480 32 32 1376 482 32 30 
l 103 1408 480 32 32 1408 482 32 30 
l 103 1440 576 32 32 1440 578 32 30 
l 103 1856 576 32 32 1856 578 32 30 
l 103 1888 576 32 32 1888 578 32 30 
l 103 1920 576 32 32 1920 578 32 30 
l 103 1952 576 32 32 1952 578 32 30 
l 103 2176 576 32 32 2176 578 32 30 
l 103 2688 480 32 32 2688 482 32 30 
l 103 2720 480 32 32 2720 482 32 30 
l 103 2752 480 32 32 2752 482 32 30 
l 103 2784 480 32 32 2784 482 32 30 
l 103 2816 480 32 32 2816 482 32 30 
l 103 2848 480 32 32 2848 482 32 30 
z 3327 648 3315 730 40 300 Levels/level1-2_Underground.txt 
4 128 512 704 32 32 512 706 32 30 
4 128 544 672 32 32 544 674 32 30 
4 128 928 704 32 32 928 706 32 30 
4 128 2336 448 32 32 2336 450 32 30 
4 128 2432 576 32 32 2432 578 32 30 
4 128 2496 576 32 32 2496 578 32 30 
4 128 3168 704 32 32 3168 706 32 30 
4 128 3232 704 32 32 3232 706 32 30 
4 128 3264 704 32 32 3264 706 32 30 
4 128 3616 704 32 32 3616 706 32 30 
4 128 4320 608 32 32 4320 610 32 30 
2 135 1408 672 32 46 1408 674 32 44 0 
2 135 1472 672 32 46 1472 674 32 44 0 
2 135 1888 672 32 46 1888 674 32 44 0 
4 128 1984 704 32 32 1984 706 32 30 
4 128 2048 704 32 32 2048 706 32 30 
4 128 4384 576 32 32 4384 578 32 30 
0 140 4672 672 32 46 4672 674 32 44 0 
r 127 4960 332 16 16 4960 332 16 16 2 
r 127 4976 332 16 16 4976 332 16 16 2 
r 127 4992 332 16 16 4992 332 16 16 2 
r 127 5008 332 16 16 5008 332 16 16 2 
r 127 5024 332 16 16 5024 332 16 16 2 
r 127 5040 332 16 16 5040 332 16 16 2 
r 127 4960 554 16 16 4960 554 16 16 2 
r 127 4976 554 16 16 4976 554 16 16 2 
r 127 4992 554 16 16 4992 554 16 16 2 
r 127 5008 554 16 16 5008 554 16 16 2 
r 127 5024 554 16 16 5024 554 16 16 2 
r 127 5040 554 16 16 5040 554 16 16 2 
b 108 0 736 32 32 0 738 32 30 
b 108 0 768 32 32 0 770 32 30 
b 108 32 736 32 32 32 738 32 30 
b 108 32 768 32 32 32 770 32 30 
b 108 64 768 32 32 64 770 32 30 
b 108 64 736 32 32 64 738 32 30 
b 108 96 736 32 32 96 738 32 30 
b 108 96 768 32 32 96 770 32 30 
b 108 128 768 32 32 128 770 32 30 
b 108 128 736 32 32 128 738 32 30 
b 108 160 736 32 32 160 738 32 30 
b 108 160 768 32 32 160 770 32 30 
b 108 192 768 32 32 192 770 32 30 
b 108 192 736 32 32 192 738 32 30 
b 108 224 736 32 32 224 738 32 30 
b 108 224 768 32 32 224 770 32 30 
b 108 256 768 32 32 256 770 32 30 
b 108 256 736 32 32 256 738 32 30 
b 108 288 736 32 32 288 738 32 30 
b 108 288 768 32 32 288 770 32 30 
b 108 320 768 32 32 320 770 32 30 
b 108 320 736 32 32 320 738 32 30 
b 108 352 736 32 32 352 738 32 30 
b 108 352 768 32 32 352 770 32 30 
b 108 384 736 32 32 384 738 32 30 
b 108 384 768 32 32 384 770 32 30 
b 108 416 736 32 32 416 738 32 30 
b 108 416 768 32 32 416 770 32 30 
b 108 448 736 32 32 448 738 32 30 
b 108 448 768 32 32 448 770 32 30 
b 108 480 736 32 32 480 738 32 30 
b 108 480 768 32 32 480 770 32 30 
b 108 512 736 32 32 512 738 32 30 
b 108 512 768 32 32 512 770 32 30 
b 108 544 736 32 32 544 738 32 30 
b 108 544 768 32 32 544 770 32 30 
b 108 576 736 32 32 576 738 32 30 
b 108 576 768 32 32 576 770 32 30 
b 108 608 736 32 32 608 738 32 30 
b 108 608 768 32 32 608 770 32 30 
b 108 640 768 32 32 640 770 32 30 
b 108 640 736 32 32 640 738 32 30 
b 108 672 736 32 32 672 738 32 30 
b 108 672 768 32 32 672 770 32 30 
b 108 704 736 32 32 704 738 32 30 
b 108 704 768 32 32 704 770 32 30 
b 108 736 736 32 32 736 738 32 30 
b 108 736 768 32 32 736 770 32 30 
b 108 768 736 32 32 768 738 32 30 
b 108 768 768 32 32 768 770 32 30 
b 108 800 736 32 32 800 738 32 30 
b 108 800 768 32 32 800 770 32 30 
b 108 832 736 32 32 832 738 32 30 
b 108 832 768 32 32 832 770 32 30 
b 108 864 736 32 32 864 738 32 30 
b 108 864 768 32 32 864 770 32 30 
b 108 896 736 32 32 896 738 32 30 
b 108 896 768 32 32 896 770 32 30 
b 108 928 736 32 32 928 738 32 30 
b 108 928 768 32 32 928 770 32 30 
b 108 960 736 32 32 960 738 32 30 
b 108 960 768 32 32 960 770 32 30 
b 108 992 736 32 32 992 738 32 30 
b 108 992 768 32 32 992 770 32 30 
b 108 1024 736 32 32 1024 738 32 30 
b 108 1024 768 32 32 1024 770 32 30 
b 108 1056 736 32 32 1056 738 32 30 
b 108 1056 768 32 32 1056 770 32 30 
b 108 1088 736 32 32 1088 738 32 30 
b 108 1088 768 32 32 1088 770 32 30 
b 108 1120 736 32 32 1120 738 32 30 
b 108 1120 768 32 32 1120 770 32 30 
b 108 1152 736 32 32 1152 738 32 30 
b 108 1152 768 32 32 1152 770 32 30 
b 108 1184 736 32 32 1184 738 32 30 
b 108 1184 768 32 32 1184 770 32 30 
b 108 1216 736 32 32 1216 738 32 30 
b 108 1216 768 32 32 1216 770 32 30 
b 108 1248 736 32 32 1248 738 32 30 
b 108 1248 768 32 32 1248 770 32 30 
b 108 1280 736 32 32 1280 738 32 30 
b 108 1280 768 32 32 1280 770 32 30 
b 108 1312 736 32 32 1312 738 32 30 
b 108 1312 768 32 32 1312 770 32 30 
b 108 1344 736 32 32 1344 738 32 30 
b 108 1344 768 32 32 1344 770 32 30 
b 108 1376 736 32 32 1376 738 32 30 
b 108 1376 768 32 32 1376 770 32 30 
b 108 1408 736 32 32 1408 738 32 30 
b 108 1408 768 32 32 1408 770 32 30 
b 108 1440 736 32 32 1440 738 32 30 
b 108 1440 768 32 32 1440 770 32 30 
b 108 1472 736 32 32 1472 738 32 30 
b 108 1472 768 32 32 1472 770 32 30 
b 108 1504 736 32 32 1504 738 32 30 
b 108 1504 768 32 32 1504 770 32 30 
b 108 1536 736 32 32 1536 738 32 30 
b 108 1536 768 32 32 1536 770 32 30 
b 108 1568 736 32 32 1568 738 32 30 
b 108 1568 768 32 32 1568 770 32 30 
b 108 1600 736 32 32 1600 738 32 30 
b 108 1600 768 32 32 1600 770 32 30 
b 108 1632 736 32 32 1632 738 32 30 
b 108 1632 768 32 32 1632 770 32 30 
b 108 1664 736 32 32 1664 738 32 30 
b 108 1664 768 32 32 1664 770 32 30 
b 108 1696 736 32 32 1696 738 32 30 
b 108 1696 768 32 32 1696 770 32 30 
b 108 1728 736 32 32 1728 738 32 30 
b 108 1728 768 32 32 1728 770 32 30 
b 108 1760 736 32 32 1760 738 32 30 
b 108 1760 768 32 32 1760 770 32 30 
b 108 1792 736 32 32 1792 738 32 30 
b 108 1792 768 32 32 1792 770 32 30 
b 108 1824 736 32 32 1824 738 32 30 
b 108 1824 768 32 32 1824 770 32 30 
b 108 1856 736 32 32 1856 738 32 30 
b 108 1856 768 32 32 1856 770 32 30 
b 108 1888 736 32 32 1888 738 32 30 
b 108 1888 768 32 32 1888 770 32 30 
b 108 1888 768 32 32 1888 770 32 30 
b 108 1920 768 32 32 1920 770 32 30 
b 108 1920 736 32 32 1920 738 32 30 
b 108 1952 736 32 32 1952 738 32 30 
b 108 1952 768 32 32 1952 770 32 30 
b 108 1984 768 32 32 1984 770 32 30 
b 108 1984 736 32 32 1984 738 32 30 
b 108 2016 736 32 32 2016 738 32 30 
b 108 2016 768 32 32 2016 770 32 30 
b 108 2048 768 32 32 2048 770 32 30 
b 108 2048 736 32 32 2048 738 32 30 
b 108 2080 736 32 32 2080 738 32 30 
b 108 2080 768 32 32 2080 770 32 30 
b 108 2112 736 32 32 2112 738 32 30 
b 108 2112 768 32 32 2112 770 32 30 
b 108 2144 736 32 32 2144 738 32 30 
b 108 2144 768 32 32 2144 770 32 30 
b 108 2176 736 32 32 2176 738 32 30 
b 108 2176 768 32 32 2176 770 32 30 
b 108 2208 736 32 32 2208 738 32 30 
b 108 2208 768 32 32 2208 770 32 30 
b 108 2240 736 32 32 2240 738 32 30 
b 108 2240 768 32 32 2240 770 32 30 
b 108 2272 736 32 32 2272 738 32 30 
b 108 2272 768 32 32 2272 770 32 30 
b 108 2304 768 32 32 2304 770 32 30 
b 108 2304 736 32 32 2304 738 32 30 
b 108 2336 736 32 32 2336 738 32 30 
b 108 2336 768 32 32 2336 770 32 30 
b 108 2368 736 32 32 2368 738 32 30 
b 108 2368 768 32 32 2368 770 32 30 
b 108 2400 736 32 32 2400 738 32 30 
b 108 2400 768 32 32 2400 770 32 30 
b 108 2432 736 32 32 2432 738 32 30 
b 108 2432 768 32 32 2432 770 32 30 
b 108 2464 736 32 32 2464 738 32 30 
b 108 2464 768 32 32 2464 770 32 30 
b 108 2496 736 32 32 2496 738 32 30 
b 108 2496 768 32 32 2496 770 32 30 
b 108 2528 736 32 32 2528 738 32 30 
b 108 2528 768 32 32 2528 770 32 30 
b 108 2656 736 32 32 2656 738 32 30 
b 108 2656 768 32 32 2656 770 32 30 
b 108 2688 736 32 32 2688 738 32 30 
b 108 2688 768 32 32 2688 770 32 30 
b 108 2720 736 32 32 2720 738 32 30 
b 108 2720 768 32 32 2720 770 32 30 
b 108 2752 736 32 32 2752 738 32 30 
b 108 2752 768 32 32 2752 770 32 30 
b 108 2784 736 32 32 2784 738 32 30 
b 108 2784 768 32 32 2784 770 32 30 
b 108 2816 736 32 32 2816 738 32 30 
b 108 2816 768 32 32 2816 770 32 30 
b 108 2848 736 32 32 2848 738 32 30 
b 108 2848 768 32 32 2848 770 32 30 
b 108 2880 736 32 32 2880 738 32 30 
b 108 2880 768 32 32 2880 770 32 30 
b 108 2912 736 32 32 2912 738 32 30 
b 108 2912 768 32 32 2912 770 32 30 
b 108 2944 768 32 32 2944 770 32 30 
b 108 2944 736 32 32 2944 738 32 30 
b 108 2976 736 32 32 2976 738 32 30 
b 108 2976 736 32 32 2976 738 32 30 
b 108 2976 768 32 32 2976 770 32 30 
b 108 3008 736 32 32 3008 738 32 30 
b 108 3008 768 32 32 3008 770 32 30 
b 108 3040 736 32 32 3040 738 32 30 
b 108 3040 768 32 32 3040 770 32 30 
b 108 3072 736 32 32 3072 738 32 30 
b 108 3072 768 32 32 3072 770 32 30 
b 108 3104 736 32 32 3104 738 32 30 
b 108 3104 768 32 32 3104 770 32 30 
b 108 3136 736 32 32 3136 738 32 30 
b 108 3136 768 32 32 3136 770 32 30 
b 108 3168 736 32 32 3168 738 32 30 
b 108 3168 768 32 32 3168 770 32 30 
b 108 3200 736 32 32 3200 738 32 30 
b 108 3200 768 32 32 3200 770 32 30 
b 108 3232 736 32 32 3232 738 32 30 
b 108 3232 768 32 32 3232 770 32 30 
b 108 3264 768 32 32 3264 770 32 30 
b 108 3264 736 32 32 3264 738 32 30 
b 108 3296 736 32 32 3296 738 32 30 
b 108 3296 768 32 32 3296 770 32 30 
b 108 3328 736 32 32 3328 738 32 30 
b 108 3328 768 32 32 3328 770 32 30 
b 108 3360 736 32 32 3360 738 32 30 
b 108 3360 768 32 32 3360 770 32 30 
b 108 3392 736 32 32 3392 738 32 30 
b 108 3392 768 32 32 3392 770 32 30 
b 108 3424 736 32 32 3424 738 32 30 
b 108 3424 768 32 32 3424 770 32 30 
b 108 3456 736 32 32 3456 738 32 30 
b 108 3456 768 32 32 3456 770 32 30 
b 108 3488 736 32 32 3488 738 32 30 
b 108 3488 768 32 32 3488 770 32 30 
b 108 3520 736 32 32 3520 738 32 30 
b 108 3520 768 32 32 3520 770 32 30 
b 108 3552 768 32 32 3552 770 32 30 
b 108 3584 736 32 32 3584 738 32 30 
b 108 3584 768 32 32 3584 770 32 30 
b 108 3552 736 32 32 3552 738 32 30 
b 108 3616 736 32 32 3616 738 32 30 
b 108 3616 768 32 32 3616 770 32 30 
b 108 3648 736 32 32 3648 738 32 30 
b 108 3680 736 32 32 3680 738 32 30 
b 108 3680 768 32 32 3680 770 32 30 
b 108 3648 768 32 32 3648 770 32 30 
b 108 3712 736 32 32 3712 738 32 30 
b 108 3712 768 32 32 3712 770 32 30 
b 108 3744 736 32 32 3744 738 32 30 
b 108 3744 768 32 32 3744 770 32 30 
b 108 3776 736 32 32 3776 738 32 30 
b 108 3776 768 32 32 3776 770 32 30 
b 108 3808 736 32 32 3808 738 32 30 
b 108 3808 768 32 32 3808 770 32 30 
b 108 3904 736 32 32 3904 738 32 30 
b 108 3904 768 32 32 3904 770 32 30 
b 108 3936 768 32 32 3936 770 32 30 
b 108 3936 736 32 32 3936 738 32 30 
b 108 4032 736 32 32 4032 738 32 30 
b 108 4032 768 32 32 4032 770 32 30 
b 108 4064 736 32 32 4064 738 32 30 
b 108 4064 768 32 32 4064 770 32 30 
b 108 4096 736 32 32 4096 738 32 30 
b 108 4096 768 32 32 4096 770 32 30 
b 108 4128 736 32 32 4128 738 32 30 
b 108 4128 768 32 32 4128 770 32 30 
b 108 4160 736 32 32 4160 738 32 30 
b 108 4160 768 32 32 4160 770 32 30 
b 108 4192 736 32 32 4192 738 32 30 
b 108 4192 768 32 32 4192 770 32 30 
b 108 4224 736 32 32 4224 738 32 30 
b 108 4224 768 32 32 4224 770 32 30 
b 108 4256 736 32 32 4256 738 32 30 
b 108 4256 768 32 32 4256 770 32 30 
b 108 4288 736 32 32 4288 738 32 30 
b 108 4288 768 32 32 4288 770 32 30 
b 108 4320 736 32 32 4320 738 32 30 
b 108 4320 768 32 32 4320 770 32 30 
b 108 4352 736 32 32 4352 738 32 30 
b 108 4352 768 32 32 4352 770 32 30 
b 108 4384 768 32 32 4384 770 32 30 
b 108 4384 736 32 32 4384 738 32 30 
b 108 4640 736 32 32 4640 738 32 30 
b 108 4640 768 32 32 4640 770 32 30 
b 108 4672 736 32 32 4672 738 32 30 
b 108 4672 768 32 32 4672 770 32 30 
b 108 4704 736 32 32 4704 738 32 30 
b 108 4704 768 32 32 4704 770 32 30 
b 108 4736 736 32 32 4736 738 32 30 
b 108 4736 768 32 32 4736 770 32 30 
b 108 4768 736 32 32 4768 738 32 30 
b 108 4768 768 32 32 4768 770 32 30 
b 108 4800 736 32 32 4800 738 32 30 
b 108 4800 768 32 32 4800 770 32 30 
b 108 4832 736 32 32 4832 738 32 30 
b 108 4832 768 32 32 4832 770 32 30 
b 108 4864 736 32 32 4864 738 32 30 
b 108 4864 768 32 32 4864 770 32 30 
b 108 5120 736 32 32 5120 738 32 30 
b 108 5120 768 32 32 5120 770 32 30 
b 108 5152 768 32 32 5152 770 32 30 
b 108 5152 736 32 32 5152 738 32 30 
b 108 5184 736 32 32 5184 738 32 30 
b 108 5184 768 32 32 5184 770 32 30 
b 108 5216 736 32 32 5216 738 32 30 
b 108 5216 768 32 32 5216 770 32 30 
b 108 5248 736 32 32 5248 738 32 30 
b 108 5248 768 32 32 5248 770 32 30 
b 108 5280 736 32 32 5280 738 32 30 
b 108 5280 768 32 32 5280 770 32 30 
b 108 5312 736 32 32 5312 738 32 30 
b 108 5312 768 32 32 5312 770 32 30 
b 108 5344 736 32 32 5344 738 32 30 
b 108 5344 768 32 32 5344 770 32 30 
b 108 5376 736 32 32 5376 738 32 30 
b 108 5376 768 32 32 5376 770 32 30 
b 108 5408 736 32 32 5408 738 32 30 
b 108 5408 768 32 32 5408 770 32 30 
b 108 5440 736 32 32 5440 738 32 30 
b 108 5440 768 32 32 5440 770 32 30 
b 108 5472 736 32 32 5472 738 32 30 
b 108 5472 768 32 32 5472 770 32 30 
b 108 5504 736 32 32 5504 738 32 30 
b 108 5504 768 32 32 5504 770 32 30 
b 108 5536 768 32 32 5536 770 32 30 
b 108 5536 736 32 32 5536 738 32 30 
b 108 5568 736 32 32 5568 738 32 30 
b 108 5568 768 32 32 5568 770 32 30 
b 108 5600 768 32 32 5600 770 32 30 
b 108 5600 736 32 32 5600 738 32 30 
b 108 5632 736 32 32 5632 738 32 30 
b 108 5632 768 32 32 5632 770 32 30 
b 108 5664 736 32 32 5664 738 32 30 
b 108 5664 768 32 32 5664 770 32 30 
b 108 5696 736 32 32 5696 738 32 30 
b 108 5696 768 32 32 5696 770 32 30 
b 108 5728 768 32 32 5728 770 32 30 
b 108 5760 736 32 32 5760 738 32 30 
b 108 5760 768 32 32 5760 770 32 30 
b 108 5792 736 32 32 5792 738 32 30 
b 108 5792 768 32 32 5792 770 32 30 
b 108 5824 736 32 32 5824 738 32 30 
b 108 5824 768 32 32 5824 770 32 30 
b 108 5856 736 32 32 5856 738 32 30 
b 108 5856 768 32 32 5856 770 32 30 
b 108 5888 736 32 32 5888 738 32 30 
b 108 5888 768 32 32 5888 770 32 30 
b 108 5920 736 32 32 5920 738 32 30 
b 108 5920 768 32 32 5920 770 32 30 
b 108 5952 736 32 32 5952 738 32 30 
b 108 5952 768 32 32 5952 770 32 30 
b 108 5984 736 32 32 5984 738 32 30 
b 108 5984 768 32 32 5984 770 32 30 
b 108 6208 736 32 32 6208 738 32 30 
b 108 6176 608 32 32 6176 610 32 30 
b 108 6048 736 32 32 6048 738 32 30 
b 108 6016 736 32 32 6016 738 32 30 
b 108 6016 768 32 32 6016 770 32 30 
b 108 6016 768 32 32 6016 770 32 30 
b 108 6048 768 32 32 6048 770 32 30 
b 108 6048 768 32 32 6048 770 32 30 
b 108 6112 768 32 32 6112 770 32 30 
b 108 6080 768 32 32 6080 770 32 30 
b 108 6080 736 32 32 6080 738 32 30 
b 108 6080 736 32 32 6080 738 32 30 
b 108 6080 736 32 32 6080 738 32 30 
b 108 6112 736 32 32 6112 738 32 30 
b 125 544 704 32 32 544 706 32 30 
b 125 608 672 32 32 608 674 32 30 
b 125 608 704 32 32 608 706 32 30 
b 125 672 640 32 32 672 642 32 30 
b 125 672 672 32 32 672 674 32 30 
b 125 672 704 32 32 672 706 32 30 
b 125 736 608 32 32 736 610 32 30 
b 125 736 640 32 32 736 642 32 30 
b 125 736 672 32 32 736 674 32 30 
b 125 736 704 32 32 736 706 32 30 
b 125 800 608 32 32 800 610 32 30 
b 125 800 640 32 32 800 642 32 30 
b 125 800 672 32 32 800 674 32 30 
b 125 800 704 32 32 800 706 32 30 
b 125 864 640 32 32 864 642 32 30 
b 125 864 672 32 32 864 674 32 30 
b 125 864 704 32 32 864 706 32 30 
b 125 992 640 32 32 992 642 32 30 
b 125 992 672 32 32 992 674 32 30 
b 125 992 704 32 32 992 706 32 30 
b 125 1056 672 32 32 1056 674 32 30 
b 125 1056 704 32 32 1056 706 32 30 
b 125 4288 704 32 32 4288 706 32 30 
b 125 4256 704 32 32 4256 706 32 30 
b 125 4288 672 32 32 4288 674 32 30 
b 125 4320 672 32 32 4320 674 32 30 
b 125 4320 704 32 32 4320 706 32 30 
b 125 4352 672 32 32 4352 674 32 30 
b 125 4352 704 32 32 4352 706 32 30 
b 125 4384 672 32 32 4384 674 32 30 
b 125 4384 704 32 32 4384 706 32 30 
b 125 4384 640 32 32 4384 642 32 30 
b 125 4320 640 32 32 4320 642 32 30 
b 125 4320 640 32 32 4320 642 32 30 
b 125 4352 608 32 32 4352 610 32 30 
b 125 4384 608 32 32 4384 610 32 30 
b 125 4352 640 32 32 4352 642 32 30 
b 39 3296 704 32 32 3296 706 32 30 
b 39 3296 672 32 32 3296 674 32 30 
b 40 3328 672 32 32 3328 674 32 30 
b 40 3328 704 32 32 3328 706 32 30 
b 37 3296 640 32 32 3296 642 32 30 
b 37 3488 608 32 32 3488 610 32 30 
b 38 3328 640 32 32 3328 642 32 30 
b 38 3520 608 32 32 3520 610 32 30 
b 40 3520 640 32 32 3520 642 32 30 
b 40 3520 672 32 32 3520 674 32 30 
b 40 3520 704 32 32 3520 706 32 30 
b 39 3488 704 32 32 3488 706 32 30 
b 39 3488 640 32 32 3488 642 32 30 
b 39 3488 672 32 32 3488 674 32 30 
b 39 3680 704 32 32 3680 706 32 30 
b 40 3712 704 32 32 3712 706 32 30 
b 37 3680 672 32 32 3680 674 32 30 
b 38 3712 672 32 32 3712 674 32 30 
b 112 5312 576 32 32 5312 578 32 30 
b 110 5344 576 32 32 5344 578 32 30 
b 114 5376 576 32 32 5376 578 32 30 
b 111 5312 608 32 32 5312 610 32 30 
b 109 5344 608 32 32 5344 610 32 30 
b 113 5376 608 32 32 5376 610 32 30 
b 39 5376 544 32 32 5376 546 32 30 
b 39 5376 512 32 32 5376 514 32 30 
b 39 5376 480 32 32 5376 482 32 30 
b 39 5376 448 32 32 5376 450 32 30 
b 39 5376 416 32 32 5376 418 32 30 
b 39 5376 384 32 32 5376 386 32 30 
b 40 5408 384 32 32 5408 386 32 30 
b 40 5408 416 32 32 5408 418 32 30 
b 40 5408 448 32 32 5408 450 32 30 
b 40 5408 480 32 32 5408 482 32 30 
b 40 5408 512 32 32 5408 514 32 30 
b 40 5408 544 32 32 5408 546 32 30 
b 40 5408 576 32 32 5408 578 32 30 
b 40 5408 608 32 32 5408 610 32 30 
b 39 5696 672 32 32 5696 674 32 30 
b 39 5696 704 32 32 5696 706 32 30 
b 40 5728 672 32 32 5728 674 32 30 
b 40 5728 704 32 32 5728 706 32 30 
b 40 5856 672 32 32 5856 674 32 30 
b 40 5856 704 32 32 5856 706 32 30 
b 39 5824 672 32 32 5824 674 32 30 
b 39 5824 704 32 32 5824 706 32 30 
b 39 5952 672 32 32 5952 674 32 30 
b 39 5952 704 32 32 5952 706 32 30 
b 40 5984 672 32 32 5984 674 32 30 
b 40 5984 704 32 32 5984 706 32 30 
b 108 5728 736 32 32 5728 738 32 30 
b 37 5696 640 32 32 5696 642 32 30 
b 38 5728 640 32 32 5728 642 32 30 
b 37 5824 640 32 32 5824 642 32 30 
b 38 5856 640 32 32 5856 642 32 30 
b 37 5952 640 32 32 5952 642 32 30 
b 38 5984 640 32 32 5984 642 32 30 
