5120
2
o -1 3392 608 32 32 3392 610 32 30 c 
o -1 3488 608 32 32 3488 610 32 30 c 
o -1 3584 608 32 32 3584 610 32 30 c 
o -1 3616 480 32 32 3616 482 32 30 c 
o -1 3520 480 32 32 3520 482 32 30 c 
o -1 3424 480 32 32 3424 482 32 30 c 
p 51 960 512 32 32 960 514 32 30 
b 152 0 544 32 32 0 546 32 30 
b 152 32 544 32 32 32 546 32 30 
b 152 64 544 32 32 64 546 32 30 
b 152 64 576 32 32 64 578 32 30 
b 152 32 576 32 32 32 578 32 30 
b 152 0 576 32 32 0 578 32 30 
b 152 0 608 32 32 0 610 32 30 
b 152 32 608 32 32 32 610 32 30 
b 152 64 608 32 32 64 610 32 30 
b 152 96 608 32 32 96 610 32 30 
b 152 96 576 32 32 96 578 32 30 
b 152 128 608 32 32 128 610 32 30 
b 152 128 640 32 32 128 642 32 30 
b 152 96 640 32 32 96 642 32 30 
b 152 64 640 32 32 64 642 32 30 
b 152 32 640 32 32 32 642 32 30 
b 152 0 640 32 32 0 642 32 30 
b 152 0 672 32 32 0 674 32 30 
b 152 0 672 32 32 0 674 32 30 
b 152 32 672 32 32 32 674 32 30 
b 152 64 672 32 32 64 674 32 30 
b 152 96 672 32 32 96 674 32 30 
b 152 128 672 32 32 128 674 32 30 
b 152 160 640 32 32 160 642 32 30 
b 152 160 672 32 32 160 674 32 30 
b 152 192 640 32 32 192 642 32 30 
b 152 192 672 32 32 192 674 32 30 
b 152 224 640 32 32 224 642 32 30 
b 152 224 672 32 32 224 674 32 30 
b 152 256 640 32 32 256 642 32 30 
b 152 256 672 32 32 256 674 32 30 
b 152 288 640 32 32 288 642 32 30 
b 152 288 672 32 32 288 674 32 30 
b 152 320 640 32 32 320 642 32 30 
b 152 320 672 32 32 320 674 32 30 
b 152 352 640 32 32 352 642 32 30 
b 152 352 672 32 32 352 674 32 30 
b 152 384 640 32 32 384 642 32 30 
b 152 384 672 32 32 384 674 32 30 
b 152 0 704 32 32 0 706 32 30 
b 152 0 704 32 32 0 706 32 30 
b 152 32 704 32 32 32 706 32 30 
b 152 64 704 32 32 64 706 32 30 
b 152 96 704 32 32 96 706 32 30 
b 152 128 704 32 32 128 706 32 30 
b 152 160 704 32 32 160 706 32 30 
b 152 192 704 32 32 192 706 32 30 
b 152 224 704 32 32 224 706 32 30 
b 152 256 704 32 32 256 706 32 30 
b 152 288 704 32 32 288 706 32 30 
b 152 320 704 32 32 320 706 32 30 
b 152 352 704 32 32 352 706 32 30 
b 152 384 704 32 32 384 706 32 30 
b 152 384 736 32 32 384 738 32 30 
b 152 352 736 32 32 352 738 32 30 
b 152 320 736 32 32 320 738 32 30 
b 152 256 736 32 32 256 738 32 30 
b 152 224 736 32 32 224 738 32 30 
b 152 288 736 32 32 288 738 32 30 
b 152 192 736 32 32 192 738 32 30 
b 152 128 736 32 32 128 738 32 30 
b 152 160 736 32 32 160 738 32 30 
b 152 96 736 32 32 96 738 32 30 
b 152 64 736 32 32 64 738 32 30 
b 152 32 736 32 32 32 738 32 30 
b 152 0 736 32 32 0 738 32 30 
b 152 0 768 32 32 0 770 32 30 
b 152 0 768 32 32 0 770 32 30 
b 152 32 768 32 32 32 770 32 30 
b 152 64 768 32 32 64 770 32 30 
b 152 96 768 32 32 96 770 32 30 
b 152 128 768 32 32 128 770 32 30 
b 152 160 768 32 32 160 770 32 30 
b 152 192 768 32 32 192 770 32 30 
b 152 224 768 32 32 224 770 32 30 
b 152 256 768 32 32 256 770 32 30 
b 152 288 768 32 32 288 770 32 30 
b 152 320 768 32 32 320 770 32 30 
b 152 352 768 32 32 352 770 32 30 
b 152 384 768 32 32 384 770 32 30 
b 152 0 384 32 32 0 386 32 30 
b 152 32 384 32 32 32 386 32 30 
b 152 64 384 32 32 64 386 32 30 
b 152 96 384 32 32 96 386 32 30 
b 152 128 384 32 32 128 386 32 30 
b 152 160 384 32 32 160 386 32 30 
b 152 192 384 32 32 192 386 32 30 
b 152 224 384 32 32 224 386 32 30 
b 152 256 384 32 32 256 386 32 30 
b 152 288 384 32 32 288 386 32 30 
b 152 320 384 32 32 320 386 32 30 
b 152 352 384 32 32 352 386 32 30 
b 152 384 384 32 32 384 386 32 30 
b 152 416 384 32 32 416 386 32 30 
b 152 0 416 32 32 0 418 32 30 
b 152 32 416 32 32 32 418 32 30 
b 152 64 416 32 32 64 418 32 30 
b 152 96 416 32 32 96 418 32 30 
b 152 160 416 32 32 160 418 32 30 
b 152 128 416 32 32 128 418 32 30 
b 152 192 416 32 32 192 418 32 30 
b 152 224 416 32 32 224 418 32 30 
b 152 256 416 32 32 256 418 32 30 
b 152 288 416 32 32 288 418 32 30 
b 152 320 416 32 32 320 418 32 30 
b 152 352 416 32 32 352 418 32 30 
b 152 384 416 32 32 384 418 32 30 
b 152 416 416 32 32 416 418 32 30 
b 152 448 416 32 32 448 418 32 30 
b 152 448 384 32 32 448 386 32 30 
b 152 480 384 32 32 480 386 32 30 
b 152 480 416 32 32 480 418 32 30 
b 152 480 448 32 32 480 450 32 30 
b 152 416 448 32 32 416 450 32 30 
b 152 448 448 32 32 448 450 32 30 
b 152 384 416 32 32 384 418 32 30 
b 152 352 448 32 32 352 450 32 30 
b 152 384 448 32 32 384 450 32 30 
b 152 320 448 32 32 320 450 32 30 
b 152 288 448 32 32 288 450 32 30 
b 152 256 448 32 32 256 450 32 30 
b 152 224 448 32 32 224 450 32 30 
b 152 192 448 32 32 192 450 32 30 
b 152 160 448 32 32 160 450 32 30 
b 152 128 448 32 32 128 450 32 30 
b 152 96 448 32 32 96 450 32 30 
b 152 32 448 32 32 32 450 32 30 
b 152 64 448 32 32 64 450 32 30 
b 152 0 448 32 32 0 450 32 30 
b 152 480 640 32 32 480 642 32 30 
b 152 480 672 32 32 480 674 32 30 
b 152 480 704 32 32 480 706 32 30 
b 152 480 736 32 32 480 738 32 30 
b 152 480 768 32 32 480 770 32 30 
b 152 512 768 32 32 512 770 32 30 
b 152 512 736 32 32 512 738 32 30 
b 152 512 704 32 32 512 706 32 30 
b 152 512 672 32 32 512 674 32 30 
b 152 512 640 32 32 512 642 32 30 
b 152 544 640 32 32 544 642 32 30 
b 152 544 672 32 32 544 674 32 30 
b 152 544 704 32 32 544 706 32 30 
b 152 544 736 32 32 544 738 32 30 
b 152 544 768 32 32 544 770 32 30 
b 152 576 768 32 32 576 770 32 30 
b 152 576 736 32 32 576 738 32 30 
b 152 576 704 32 32 576 706 32 30 
b 152 576 672 32 32 576 674 32 30 
b 152 576 640 32 32 576 642 32 30 
b 152 512 448 32 32 512 450 32 30 
b 152 512 384 32 32 512 386 32 30 
b 152 512 416 32 32 512 418 32 30 
b 152 544 384 32 32 544 386 32 30 
b 152 544 416 32 32 544 418 32 30 
b 152 544 448 32 32 544 450 32 30 
b 152 576 448 32 32 576 450 32 30 
b 152 576 416 32 32 576 418 32 30 
b 152 608 384 32 32 608 386 32 30 
b 152 576 384 32 32 576 386 32 30 
b 152 608 416 32 32 608 418 32 30 
b 152 608 448 32 32 608 450 32 30 
b 152 640 448 32 32 640 450 32 30 
b 152 640 416 32 32 640 418 32 30 
b 152 672 384 32 32 672 386 32 30 
b 152 672 416 32 32 672 418 32 30 
b 152 640 384 32 32 640 386 32 30 
b 152 672 448 32 32 672 450 32 30 
b 152 704 448 32 32 704 450 32 30 
b 152 704 416 32 32 704 418 32 30 
b 152 704 384 32 32 704 386 32 30 
b 152 608 640 32 32 608 642 32 30 
b 152 608 704 32 32 608 706 32 30 
b 152 608 704 32 32 608 706 32 30 
b 152 608 768 32 32 608 770 32 30 
b 152 608 736 32 32 608 738 32 30 
b 152 608 672 32 32 608 674 32 30 
b 152 640 672 32 32 640 674 32 30 
b 152 640 704 32 32 640 706 32 30 
b 152 640 768 32 32 640 770 32 30 
b 152 640 736 32 32 640 738 32 30 
b 152 672 736 32 32 672 738 32 30 
b 152 672 768 32 32 672 770 32 30 
b 152 672 704 32 32 672 706 32 30 
b 152 672 672 32 32 672 674 32 30 
b 152 672 640 32 32 672 642 32 30 
b 152 640 640 32 32 640 642 32 30 
b 152 736 480 32 32 736 482 32 30 
b 152 736 416 32 32 736 418 32 30 
b 152 736 448 32 32 736 450 32 30 
b 152 736 384 32 32 736 386 32 30 
b 152 704 640 32 32 704 642 32 30 
b 152 704 672 32 32 704 674 32 30 
b 152 704 704 32 32 704 706 32 30 
b 152 704 736 32 32 704 738 32 30 
b 152 704 768 32 32 704 770 32 30 
b 152 736 768 32 32 736 770 32 30 
b 152 736 736 32 32 736 738 32 30 
b 152 736 704 32 32 736 706 32 30 
b 152 736 672 32 32 736 674 32 30 
b 152 736 640 32 32 736 642 32 30 
b 152 768 640 32 32 768 642 32 30 
b 152 768 672 32 32 768 674 32 30 
b 152 768 704 32 32 768 706 32 30 
b 152 768 736 32 32 768 738 32 30 
b 152 768 768 32 32 768 770 32 30 
b 152 800 768 32 32 800 770 32 30 
b 152 800 736 32 32 800 738 32 30 
b 152 800 704 32 32 800 706 32 30 
b 152 800 672 32 32 800 674 32 30 
b 152 800 640 32 32 800 642 32 30 
b 152 768 384 32 32 768 386 32 30 
b 152 800 384 32 32 800 386 32 30 
b 152 832 384 32 32 832 386 32 30 
b 152 864 384 32 32 864 386 32 30 
b 152 896 384 32 32 896 386 32 30 
b 152 928 384 32 32 928 386 32 30 
b 152 960 384 32 32 960 386 32 30 
b 152 992 384 32 32 992 386 32 30 
b 152 928 640 32 32 928 642 32 30 
b 152 928 672 32 32 928 674 32 30 
b 152 960 672 32 32 960 674 32 30 
b 152 992 672 32 32 992 674 32 30 
b 152 992 640 32 32 992 642 32 30 
b 152 992 704 32 32 992 706 32 30 
b 152 960 704 32 32 960 706 32 30 
b 152 928 704 32 32 928 706 32 30 
b 152 928 736 32 32 928 738 32 30 
b 152 960 736 32 32 960 738 32 30 
b 152 992 736 32 32 992 738 32 30 
b 152 992 768 32 32 992 770 32 30 
b 152 928 768 32 32 928 770 32 30 
b 152 960 768 32 32 960 770 32 30 
b 152 1024 384 32 32 1024 386 32 30 
b 152 1056 384 32 32 1056 386 32 30 
b 152 1088 384 32 32 1088 386 32 30 
b 152 1120 384 32 32 1120 386 32 30 
b 152 1152 384 32 32 1152 386 32 30 
b 152 1120 608 32 32 1120 610 32 30 
b 152 1152 608 32 32 1152 610 32 30 
b 152 1184 608 32 32 1184 610 32 30 
b 152 1216 608 32 32 1216 610 32 30 
b 152 1120 640 32 32 1120 642 32 30 
b 152 1152 640 32 32 1152 642 32 30 
b 152 1184 640 32 32 1184 642 32 30 
b 152 1216 640 32 32 1216 642 32 30 
b 152 1184 384 32 32 1184 386 32 30 
b 152 1184 416 32 32 1184 418 32 30 
b 152 1184 448 32 32 1184 450 32 30 
b 152 1184 448 32 32 1184 450 32 30 
b 152 1184 480 32 32 1184 482 32 30 
b 152 1120 672 32 32 1120 674 32 30 
b 152 1120 704 32 32 1120 706 32 30 
b 152 1120 736 32 32 1120 738 32 30 
b 152 1120 768 32 32 1120 770 32 30 
b 152 1152 768 32 32 1152 770 32 30 
b 152 1152 736 32 32 1152 738 32 30 
b 152 1152 704 32 32 1152 706 32 30 
b 152 1152 672 32 32 1152 674 32 30 
b 152 1184 672 32 32 1184 674 32 30 
b 152 1184 704 32 32 1184 706 32 30 
b 152 1184 736 32 32 1184 738 32 30 
b 152 1184 768 32 32 1184 770 32 30 
b 152 1216 768 32 32 1216 770 32 30 
b 152 1216 736 32 32 1216 738 32 30 
b 152 1216 704 32 32 1216 706 32 30 
b 152 1216 672 32 32 1216 674 32 30 
b 152 1248 608 32 32 1248 610 32 30 
b 152 1248 640 32 32 1248 642 32 30 
b 152 1248 672 32 32 1248 674 32 30 
b 152 1248 704 32 32 1248 706 32 30 
b 152 1248 736 32 32 1248 738 32 30 
b 152 1248 768 32 32 1248 770 32 30 
b 152 1280 768 32 32 1280 770 32 30 
b 152 1280 736 32 32 1280 738 32 30 
b 152 1280 704 32 32 1280 706 32 30 
b 152 1280 672 32 32 1280 674 32 30 
b 152 1280 640 32 32 1280 642 32 30 
b 152 1280 608 32 32 1280 610 32 30 
b 152 1312 608 32 32 1312 610 32 30 
b 152 1312 640 32 32 1312 642 32 30 
b 152 1312 672 32 32 1312 674 32 30 
b 152 1312 704 32 32 1312 706 32 30 
b 152 1312 736 32 32 1312 738 32 30 
b 152 1312 768 32 32 1312 770 32 30 
b 152 1344 768 32 32 1344 770 32 30 
b 152 1344 736 32 32 1344 738 32 30 
b 152 1344 704 32 32 1344 706 32 30 
b 152 1344 672 32 32 1344 674 32 30 
b 152 1344 640 32 32 1344 642 32 30 
b 152 1344 608 32 32 1344 610 32 30 
b 152 1216 384 32 32 1216 386 32 30 
b 152 1216 416 32 32 1216 418 32 30 
b 152 1216 416 32 32 1216 418 32 30 
b 152 1216 448 32 32 1216 450 32 30 
b 152 1216 480 32 32 1216 482 32 30 
b 152 1248 480 32 32 1248 482 32 30 
b 152 1248 448 32 32 1248 450 32 30 
b 152 1248 416 32 32 1248 418 32 30 
b 152 1248 384 32 32 1248 386 32 30 
b 152 1280 384 32 32 1280 386 32 30 
b 152 1280 416 32 32 1280 418 32 30 
b 152 1280 416 32 32 1280 418 32 30 
b 152 1280 448 32 32 1280 450 32 30 
b 152 1280 480 32 32 1280 482 32 30 
b 152 1312 480 32 32 1312 482 32 30 
b 152 1312 448 32 32 1312 450 32 30 
b 152 1312 416 32 32 1312 418 32 30 
b 152 1312 384 32 32 1312 386 32 30 
b 152 1344 384 32 32 1344 386 32 30 
b 152 1344 416 32 32 1344 418 32 30 
b 152 1344 448 32 32 1344 450 32 30 
b 152 1344 480 32 32 1344 482 32 30 
b 152 1376 480 32 32 1376 482 32 30 
b 152 1376 448 32 32 1376 450 32 30 
b 152 1376 416 32 32 1376 418 32 30 
b 152 1376 384 32 32 1376 386 32 30 
b 152 1408 384 32 32 1408 386 32 30 
b 152 1408 416 32 32 1408 418 32 30 
b 152 1408 448 32 32 1408 450 32 30 
b 152 1408 480 32 32 1408 482 32 30 
b 152 1440 480 32 32 1440 482 32 30 
b 152 1440 448 32 32 1440 450 32 30 
b 152 1440 384 32 32 1440 386 32 30 
b 152 1472 384 32 32 1472 386 32 30 
b 152 1472 416 32 32 1472 418 32 30 
b 152 1440 416 32 32 1440 418 32 30 
b 152 1472 448 32 32 1472 450 32 30 
b 152 1472 480 32 32 1472 482 32 30 
b 152 1504 480 32 32 1504 482 32 30 
b 152 1504 448 32 32 1504 450 32 30 
b 152 1472 416 32 32 1472 418 32 30 
b 152 1504 384 32 32 1504 386 32 30 
b 152 1504 416 32 32 1504 418 32 30 
b 152 1376 608 32 32 1376 610 32 30 
b 152 1408 608 32 32 1408 610 32 30 
b 152 1440 608 32 32 1440 610 32 30 
b 152 1472 608 32 32 1472 610 32 30 
b 152 1504 608 32 32 1504 610 32 30 
b 152 1504 640 32 32 1504 642 32 30 
b 152 1472 640 32 32 1472 642 32 30 
b 152 1440 640 32 32 1440 642 32 30 
b 152 1408 640 32 32 1408 642 32 30 
b 152 1376 640 32 32 1376 642 32 30 
b 152 1376 672 32 32 1376 674 32 30 
b 152 1408 672 32 32 1408 674 32 30 
b 152 1440 672 32 32 1440 674 32 30 
b 152 1472 672 32 32 1472 674 32 30 
b 152 1504 672 32 32 1504 674 32 30 
b 152 1504 704 32 32 1504 706 32 30 
b 152 1472 704 32 32 1472 706 32 30 
b 152 1440 704 32 32 1440 706 32 30 
b 152 1408 704 32 32 1408 706 32 30 
b 152 1376 704 32 32 1376 706 32 30 
b 152 1376 736 32 32 1376 738 32 30 
b 152 1408 736 32 32 1408 738 32 30 
b 152 1440 736 32 32 1440 738 32 30 
b 152 1472 736 32 32 1472 738 32 30 
b 152 1504 736 32 32 1504 738 32 30 
b 152 1504 768 32 32 1504 770 32 30 
b 152 1472 768 32 32 1472 770 32 30 
b 152 1440 768 32 32 1440 770 32 30 
b 152 1408 768 32 32 1408 770 32 30 
b 152 1376 768 32 32 1376 770 32 30 
b 152 1536 608 32 32 1536 610 32 30 
b 152 1568 608 32 32 1568 610 32 30 
b 152 1600 608 32 32 1600 610 32 30 
b 152 1632 608 32 32 1632 610 32 30 
b 152 1664 608 32 32 1664 610 32 30 
b 152 1696 608 32 32 1696 610 32 30 
b 152 1728 608 32 32 1728 610 32 30 
b 152 1760 608 32 32 1760 610 32 30 
b 152 1760 640 32 32 1760 642 32 30 
b 152 1760 672 32 32 1760 674 32 30 
b 152 1760 704 32 32 1760 706 32 30 
b 152 1760 736 32 32 1760 738 32 30 
b 152 1760 768 32 32 1760 770 32 30 
b 152 1728 768 32 32 1728 770 32 30 
b 152 1728 736 32 32 1728 738 32 30 
b 152 1728 704 32 32 1728 706 32 30 
b 152 1728 672 32 32 1728 674 32 30 
b 152 1728 640 32 32 1728 642 32 30 
b 152 1696 640 32 32 1696 642 32 30 
b 152 1696 672 32 32 1696 674 32 30 
b 152 1696 704 32 32 1696 706 32 30 
b 152 1696 736 32 32 1696 738 32 30 
b 152 1696 768 32 32 1696 770 32 30 
b 152 1664 768 32 32 1664 770 32 30 
b 152 1664 736 32 32 1664 738 32 30 
b 152 1664 704 32 32 1664 706 32 30 
b 152 1664 672 32 32 1664 674 32 30 
b 152 1664 640 32 32 1664 642 32 30 
b 152 1600 640 32 32 1600 642 32 30 
b 152 1632 640 32 32 1632 642 32 30 
b 152 1600 672 32 32 1600 674 32 30 
b 152 1632 672 32 32 1632 674 32 30 
b 152 1632 704 32 32 1632 706 32 30 
b 152 1632 736 32 32 1632 738 32 30 
b 152 1632 768 32 32 1632 770 32 30 
b 152 1600 768 32 32 1600 770 32 30 
b 152 1600 736 32 32 1600 738 32 30 
b 152 1568 704 32 32 1568 706 32 30 
b 152 1568 768 32 32 1568 770 32 30 
b 152 1568 736 32 32 1568 738 32 30 
b 152 1536 736 32 32 1536 738 32 30 
b 152 1536 704 32 32 1536 706 32 30 
b 152 1536 672 32 32 1536 674 32 30 
b 152 1568 672 32 32 1568 674 32 30 
b 152 1568 640 32 32 1568 642 32 30 
b 152 1536 640 32 32 1536 642 32 30 
b 152 1536 768 32 32 1536 770 32 30 
b 152 1536 480 32 32 1536 482 32 30 
b 152 1536 448 32 32 1536 450 32 30 
b 152 1536 416 32 32 1536 418 32 30 
b 152 1568 384 32 32 1568 386 32 30 
b 152 1536 384 32 32 1536 386 32 30 
b 152 1568 416 32 32 1568 418 32 30 
b 152 1568 448 32 32 1568 450 32 30 
b 152 1568 480 32 32 1568 482 32 30 
b 152 1600 480 32 32 1600 482 32 30 
b 152 1600 448 32 32 1600 450 32 30 
b 152 1600 384 32 32 1600 386 32 30 
b 152 1600 416 32 32 1600 418 32 30 
b 152 1632 416 32 32 1632 418 32 30 
b 152 1632 384 32 32 1632 386 32 30 
b 152 1632 416 32 32 1632 418 32 30 
b 152 1632 448 32 32 1632 450 32 30 
b 152 1632 480 32 32 1632 482 32 30 
b 152 1664 480 32 32 1664 482 32 30 
b 152 1664 416 32 32 1664 418 32 30 
b 152 1664 448 32 32 1664 450 32 30 
b 152 1664 384 32 32 1664 386 32 30 
b 152 1696 384 32 32 1696 386 32 30 
b 152 1696 416 32 32 1696 418 32 30 
b 152 1696 448 32 32 1696 450 32 30 
b 152 1696 480 32 32 1696 482 32 30 
b 152 1728 480 32 32 1728 482 32 30 
b 152 1728 416 32 32 1728 418 32 30 
b 152 1728 448 32 32 1728 450 32 30 
b 152 1728 384 32 32 1728 386 32 30 
b 152 1760 480 32 32 1760 482 32 30 
b 152 1760 448 32 32 1760 450 32 30 
b 152 1760 416 32 32 1760 418 32 30 
b 152 1792 384 32 32 1792 386 32 30 
b 152 1760 384 32 32 1760 386 32 30 
b 152 1792 384 32 32 1792 386 32 30 
b 152 1792 448 32 32 1792 450 32 30 
b 152 1792 416 32 32 1792 418 32 30 
b 152 1792 480 32 32 1792 482 32 30 
b 152 1824 480 32 32 1824 482 32 30 
b 152 1824 416 32 32 1824 418 32 30 
b 152 1824 384 32 32 1824 386 32 30 
b 152 1824 448 32 32 1824 450 32 30 
b 152 1792 608 32 32 1792 610 32 30 
b 152 1792 640 32 32 1792 642 32 30 
b 152 1792 672 32 32 1792 674 32 30 
b 152 1792 736 32 32 1792 738 32 30 
b 152 1792 768 32 32 1792 770 32 30 
b 152 1792 704 32 32 1792 706 32 30 
b 152 1824 704 32 32 1824 706 32 30 
b 152 1824 768 32 32 1824 770 32 30 
b 152 1856 736 32 32 1856 738 32 30 
b 152 1824 736 32 32 1824 738 32 30 
b 152 1824 672 32 32 1824 674 32 30 
b 152 1824 640 32 32 1824 642 32 30 
b 152 1824 608 32 32 1824 610 32 30 
b 152 1856 608 32 32 1856 610 32 30 
b 152 1856 640 32 32 1856 642 32 30 
b 152 1856 704 32 32 1856 706 32 30 
b 152 1856 672 32 32 1856 674 32 30 
b 152 1856 768 32 32 1856 770 32 30 
b 152 1888 768 32 32 1888 770 32 30 
b 152 1888 736 32 32 1888 738 32 30 
b 152 1888 704 32 32 1888 706 32 30 
b 152 1888 640 32 32 1888 642 32 30 
b 152 1888 608 32 32 1888 610 32 30 
b 152 1888 672 32 32 1888 674 32 30 
b 152 1920 608 32 32 1920 610 32 30 
b 152 1920 640 32 32 1920 642 32 30 
b 152 1920 672 32 32 1920 674 32 30 
b 152 1920 704 32 32 1920 706 32 30 
b 152 1920 736 32 32 1920 738 32 30 
b 152 1920 768 32 32 1920 770 32 30 
b 152 1952 768 32 32 1952 770 32 30 
b 152 1952 736 32 32 1952 738 32 30 
b 152 1952 704 32 32 1952 706 32 30 
b 152 1952 672 32 32 1952 674 32 30 
b 152 1952 704 32 32 1952 706 32 30 
b 152 1952 640 32 32 1952 642 32 30 
b 152 1952 608 32 32 1952 610 32 30 
b 152 1984 608 32 32 1984 610 32 30 
b 152 1984 640 32 32 1984 642 32 30 
b 152 1984 704 32 32 1984 706 32 30 
b 152 1984 736 32 32 1984 738 32 30 
b 152 1984 768 32 32 1984 770 32 30 
b 152 1856 384 32 32 1856 386 32 30 
b 152 1856 416 32 32 1856 418 32 30 
b 152 1856 416 32 32 1856 418 32 30 
b 152 1856 448 32 32 1856 450 32 30 
b 152 1856 480 32 32 1856 482 32 30 
b 152 1888 384 32 32 1888 386 32 30 
b 152 1888 416 32 32 1888 418 32 30 
b 152 1888 448 32 32 1888 450 32 30 
b 152 1888 448 32 32 1888 450 32 30 
b 152 1888 480 32 32 1888 482 32 30 
b 152 1920 480 32 32 1920 482 32 30 
b 152 1920 448 32 32 1920 450 32 30 
b 152 1920 416 32 32 1920 418 32 30 
b 152 1920 384 32 32 1920 386 32 30 
b 152 1952 384 32 32 1952 386 32 30 
b 152 1952 384 32 32 1952 386 32 30 
b 152 1952 448 32 32 1952 450 32 30 
b 152 1952 384 32 32 1952 386 32 30 
b 152 1952 480 32 32 1952 482 32 30 
b 152 1952 416 32 32 1952 418 32 30 
b 152 1984 416 32 32 1984 418 32 30 
b 152 1984 384 32 32 1984 386 32 30 
b 152 1984 480 32 32 1984 482 32 30 
b 152 1984 672 32 32 1984 674 32 30 
b 152 2016 672 32 32 2016 674 32 30 
b 152 2016 704 32 32 2016 706 32 30 
b 152 2016 736 32 32 2016 738 32 30 
b 152 2016 768 32 32 2016 770 32 30 
b 152 2048 768 32 32 2048 770 32 30 
b 152 2048 736 32 32 2048 738 32 30 
b 152 2048 704 32 32 2048 706 32 30 
b 152 2048 672 32 32 2048 674 32 30 
b 152 2016 640 32 32 2016 642 32 30 
b 152 2016 608 32 32 2016 610 32 30 
b 152 2048 608 32 32 2048 610 32 30 
b 152 2048 640 32 32 2048 642 32 30 
b 152 2080 608 32 32 2080 610 32 30 
b 152 2080 640 32 32 2080 642 32 30 
b 152 2080 672 32 32 2080 674 32 30 
b 152 2080 704 32 32 2080 706 32 30 
b 152 2080 736 32 32 2080 738 32 30 
b 152 2080 768 32 32 2080 770 32 30 
b 152 2112 768 32 32 2112 770 32 30 
b 152 2112 736 32 32 2112 738 32 30 
b 152 2112 704 32 32 2112 706 32 30 
b 152 2112 672 32 32 2112 674 32 30 
b 152 2112 640 32 32 2112 642 32 30 
b 152 2112 608 32 32 2112 610 32 30 
b 152 2144 608 32 32 2144 610 32 30 
b 152 2144 640 32 32 2144 642 32 30 
b 152 2144 672 32 32 2144 674 32 30 
b 152 2144 704 32 32 2144 706 32 30 
b 152 2144 736 32 32 2144 738 32 30 
b 152 2144 768 32 32 2144 770 32 30 
b 152 2176 768 32 32 2176 770 32 30 
b 152 2176 736 32 32 2176 738 32 30 
b 152 2176 704 32 32 2176 706 32 30 
b 152 2176 672 32 32 2176 674 32 30 
b 152 2176 640 32 32 2176 642 32 30 
b 152 2176 608 32 32 2176 610 32 30 
b 152 2208 608 32 32 2208 610 32 30 
b 152 2208 640 32 32 2208 642 32 30 
b 152 2208 704 32 32 2208 706 32 30 
b 152 2208 736 32 32 2208 738 32 30 
b 152 2208 768 32 32 2208 770 32 30 
b 152 2208 672 32 32 2208 674 32 30 
b 152 2240 768 32 32 2240 770 32 30 
b 152 2240 736 32 32 2240 738 32 30 
b 152 2240 704 32 32 2240 706 32 30 
b 152 2240 672 32 32 2240 674 32 30 
b 152 2240 640 32 32 2240 642 32 30 
b 152 2240 608 32 32 2240 610 32 30 
b 152 2016 480 32 32 2016 482 32 30 
b 152 2016 416 32 32 2016 418 32 30 
b 152 2016 448 32 32 2016 450 32 30 
b 152 1984 448 32 32 1984 450 32 30 
b 152 2016 384 32 32 2016 386 32 30 
b 152 2048 384 32 32 2048 386 32 30 
b 152 2048 416 32 32 2048 418 32 30 
b 152 2048 384 32 32 2048 386 32 30 
b 152 2080 384 32 32 2080 386 32 30 
b 152 2112 384 32 32 2112 386 32 30 
b 152 2144 384 32 32 2144 386 32 30 
b 152 2176 384 32 32 2176 386 32 30 
b 152 2208 384 32 32 2208 386 32 30 
b 152 2240 384 32 32 2240 386 32 30 
b 152 2240 416 32 32 2240 418 32 30 
b 152 2240 448 32 32 2240 450 32 30 
b 152 2240 480 32 32 2240 482 32 30 
b 152 2208 480 32 32 2208 482 32 30 
b 152 2208 448 32 32 2208 450 32 30 
b 152 2208 384 32 32 2208 386 32 30 
b 152 2176 480 32 32 2176 482 32 30 
b 152 2144 480 32 32 2144 482 32 30 
b 152 2112 480 32 32 2112 482 32 30 
b 152 2080 480 32 32 2080 482 32 30 
b 152 2016 480 32 32 2016 482 32 30 
b 152 2048 480 32 32 2048 482 32 30 
b 152 2048 448 32 32 2048 450 32 30 
b 152 2080 448 32 32 2080 450 32 30 
b 152 2112 448 32 32 2112 450 32 30 
b 152 2144 448 32 32 2144 450 32 30 
b 152 2176 448 32 32 2176 450 32 30 
b 152 2208 416 32 32 2208 418 32 30 
b 152 2176 416 32 32 2176 418 32 30 
b 152 2144 416 32 32 2144 418 32 30 
b 152 2112 416 32 32 2112 418 32 30 
b 152 2080 416 32 32 2080 418 32 30 
b 152 2272 384 32 32 2272 386 32 30 
b 152 2272 416 32 32 2272 418 32 30 
b 152 2272 448 32 32 2272 450 32 30 
b 152 2272 480 32 32 2272 482 32 30 
b 152 2272 608 32 32 2272 610 32 30 
b 152 2272 640 32 32 2272 642 32 30 
b 152 2272 672 32 32 2272 674 32 30 
b 152 2272 736 32 32 2272 738 32 30 
b 152 2272 704 32 32 2272 706 32 30 
b 152 2272 768 32 32 2272 770 32 30 
b 152 2304 384 32 32 2304 386 32 30 
b 152 2336 384 32 32 2336 386 32 30 
b 152 2368 384 32 32 2368 386 32 30 
b 152 2400 384 32 32 2400 386 32 30 
b 152 2464 384 32 32 2464 386 32 30 
b 152 2432 384 32 32 2432 386 32 30 
b 152 2496 384 32 32 2496 386 32 30 
b 152 2304 640 32 32 2304 642 32 30 
b 152 2304 672 32 32 2304 674 32 30 
b 152 2304 736 32 32 2304 738 32 30 
b 152 2304 704 32 32 2304 706 32 30 
b 152 2304 768 32 32 2304 770 32 30 
b 152 2336 768 32 32 2336 770 32 30 
b 152 2336 736 32 32 2336 738 32 30 
b 152 2336 704 32 32 2336 706 32 30 
b 152 2336 672 32 32 2336 674 32 30 
b 152 2336 640 32 32 2336 642 32 30 
b 152 2368 640 32 32 2368 642 32 30 
b 152 2368 672 32 32 2368 674 32 30 
b 152 2368 736 32 32 2368 738 32 30 
b 152 2368 768 32 32 2368 770 32 30 
b 152 2368 704 32 32 2368 706 32 30 
b 152 2400 704 32 32 2400 706 32 30 
b 152 2400 736 32 32 2400 738 32 30 
b 152 2400 768 32 32 2400 770 32 30 
b 152 2400 672 32 32 2400 674 32 30 
b 152 2400 640 32 32 2400 642 32 30 
b 152 2432 640 32 32 2432 642 32 30 
b 152 2432 672 32 32 2432 674 32 30 
b 152 2432 704 32 32 2432 706 32 30 
b 152 2432 736 32 32 2432 738 32 30 
b 152 2432 768 32 32 2432 770 32 30 
b 152 2464 640 32 32 2464 642 32 30 
b 152 2496 640 32 32 2496 642 32 30 
b 152 2496 672 32 32 2496 674 32 30 
b 152 2432 672 32 32 2432 674 32 30 
b 152 2464 704 32 32 2464 706 32 30 
b 152 2496 704 32 32 2496 706 32 30 
b 152 2528 640 32 32 2528 642 32 30 
b 152 2528 672 32 32 2528 674 32 30 
b 152 2528 704 32 32 2528 706 32 30 
b 152 2528 736 32 32 2528 738 32 30 
b 152 2528 768 32 32 2528 770 32 30 
b 152 2496 768 32 32 2496 770 32 30 
b 152 2464 768 32 32 2464 770 32 30 
b 152 2464 736 32 32 2464 738 32 30 
b 152 2496 736 32 32 2496 738 32 30 
b 152 2560 640 32 32 2560 642 32 30 
b 152 2560 672 32 32 2560 674 32 30 
b 152 2560 704 32 32 2560 706 32 30 
b 152 2560 736 32 32 2560 738 32 30 
b 152 2560 768 32 32 2560 770 32 30 
b 152 2592 768 32 32 2592 770 32 30 
b 152 2592 736 32 32 2592 738 32 30 
b 152 2592 704 32 32 2592 706 32 30 
b 152 2592 672 32 32 2592 674 32 30 
b 152 2592 640 32 32 2592 642 32 30 
b 152 2624 640 32 32 2624 642 32 30 
b 152 2624 672 32 32 2624 674 32 30 
b 152 2624 704 32 32 2624 706 32 30 
b 152 2624 736 32 32 2624 738 32 30 
b 152 2624 768 32 32 2624 770 32 30 
b 152 2656 768 32 32 2656 770 32 30 
b 152 2656 736 32 32 2656 738 32 30 
b 152 2656 704 32 32 2656 706 32 30 
b 152 2656 672 32 32 2656 674 32 30 
b 152 2656 640 32 32 2656 642 32 30 
b 152 2688 640 32 32 2688 642 32 30 
b 152 2688 672 32 32 2688 674 32 30 
b 152 2688 704 32 32 2688 706 32 30 
b 152 2688 736 32 32 2688 738 32 30 
b 152 2688 768 32 32 2688 770 32 30 
b 152 2528 384 32 32 2528 386 32 30 
b 152 2560 384 32 32 2560 386 32 30 
b 152 2560 416 32 32 2560 418 32 30 
b 152 2592 384 32 32 2592 386 32 30 
b 152 2624 384 32 32 2624 386 32 30 
b 152 2656 384 32 32 2656 386 32 30 
b 152 2688 384 32 32 2688 386 32 30 
b 152 2720 384 32 32 2720 386 32 30 
b 152 2752 384 32 32 2752 386 32 30 
b 152 2720 640 32 32 2720 642 32 30 
b 152 2720 672 32 32 2720 674 32 30 
b 152 2752 640 32 32 2752 642 32 30 
b 152 2784 640 32 32 2784 642 32 30 
b 152 2784 672 32 32 2784 674 32 30 
b 152 2752 672 32 32 2752 674 32 30 
b 152 2752 704 32 32 2752 706 32 30 
b 152 2720 704 32 32 2720 706 32 30 
b 152 2720 736 32 32 2720 738 32 30 
b 152 2720 768 32 32 2720 770 32 30 
b 152 2752 768 32 32 2752 770 32 30 
b 152 2752 736 32 32 2752 738 32 30 
b 152 2784 736 32 32 2784 738 32 30 
b 152 2784 704 32 32 2784 706 32 30 
b 152 2784 768 32 32 2784 770 32 30 
b 152 2752 384 32 32 2752 386 32 30 
b 152 2784 384 32 32 2784 386 32 30 
b 152 2816 384 32 32 2816 386 32 30 
b 152 2816 416 32 32 2816 418 32 30 
b 152 2848 384 32 32 2848 386 32 30 
b 152 2880 384 32 32 2880 386 32 30 
b 152 2816 640 32 32 2816 642 32 30 
b 152 2816 672 32 32 2816 674 32 30 
b 152 2816 704 32 32 2816 706 32 30 
b 152 2816 736 32 32 2816 738 32 30 
b 152 2816 768 32 32 2816 770 32 30 
b 152 2848 768 32 32 2848 770 32 30 
b 152 2848 736 32 32 2848 738 32 30 
b 152 2848 704 32 32 2848 706 32 30 
b 152 2848 640 32 32 2848 642 32 30 
b 152 2848 672 32 32 2848 674 32 30 
b 152 2880 640 32 32 2880 642 32 30 
b 152 2880 672 32 32 2880 674 32 30 
b 152 2880 704 32 32 2880 706 32 30 
b 152 2880 768 32 32 2880 770 32 30 
b 152 2880 736 32 32 2880 738 32 30 
b 152 2912 736 32 32 2912 738 32 30 
b 152 2912 768 32 32 2912 770 32 30 
b 152 2912 704 32 32 2912 706 32 30 
b 152 2912 672 32 32 2912 674 32 30 
b 152 2880 640 32 32 2880 642 32 30 
b 152 2880 640 32 32 2880 642 32 30 
b 152 2944 640 32 32 2944 642 32 30 
b 152 2912 640 32 32 2912 642 32 30 
b 152 2944 672 32 32 2944 674 32 30 
b 152 2944 704 32 32 2944 706 32 30 
b 152 2944 736 32 32 2944 738 32 30 
b 152 2944 768 32 32 2944 770 32 30 
b 152 2912 384 32 32 2912 386 32 30 
b 152 2944 384 32 32 2944 386 32 30 
b 152 2976 672 32 32 2976 674 32 30 
b 152 2976 640 32 32 2976 642 32 30 
b 152 3008 640 32 32 3008 642 32 30 
b 152 3008 640 32 32 3008 642 32 30 
b 152 3040 672 32 32 3040 674 32 30 
b 152 3040 672 32 32 3040 674 32 30 
b 152 3040 640 32 32 3040 642 32 30 
b 152 3008 672 32 32 3008 674 32 30 
b 152 3072 672 32 32 3072 674 32 30 
b 152 3072 640 32 32 3072 642 32 30 
b 152 3104 640 32 32 3104 642 32 30 
b 152 3104 672 32 32 3104 674 32 30 
b 152 3136 672 32 32 3136 674 32 30 
b 152 3136 640 32 32 3136 642 32 30 
b 152 3136 704 32 32 3136 706 32 30 
b 152 3136 768 32 32 3136 770 32 30 
b 152 3136 736 32 32 3136 738 32 30 
b 152 3104 736 32 32 3104 738 32 30 
b 152 3104 768 32 32 3104 770 32 30 
b 152 3072 768 32 32 3072 770 32 30 
b 152 3072 736 32 32 3072 738 32 30 
b 152 3072 704 32 32 3072 706 32 30 
b 152 3072 704 32 32 3072 706 32 30 
b 152 3104 704 32 32 3104 706 32 30 
b 152 3040 704 32 32 3040 706 32 30 
b 152 3040 736 32 32 3040 738 32 30 
b 152 3040 768 32 32 3040 770 32 30 
b 152 3008 768 32 32 3008 770 32 30 
b 152 3008 736 32 32 3008 738 32 30 
b 152 3008 704 32 32 3008 706 32 30 
b 152 2976 704 32 32 2976 706 32 30 
b 152 2944 736 32 32 2944 738 32 30 
b 152 2976 736 32 32 2976 738 32 30 
b 152 2976 768 32 32 2976 770 32 30 
b 152 2976 384 32 32 2976 386 32 30 
b 152 3008 384 32 32 3008 386 32 30 
b 152 3040 384 32 32 3040 386 32 30 
b 152 3072 384 32 32 3072 386 32 30 
b 152 3104 384 32 32 3104 386 32 30 
b 152 3104 384 32 32 3104 386 32 30 
b 152 3104 448 32 32 3104 450 32 30 
b 152 3104 416 32 32 3104 418 32 30 
b 152 3136 384 32 32 3136 386 32 30 
b 152 3136 448 32 32 3136 450 32 30 
b 152 3136 416 32 32 3136 418 32 30 
b 152 3168 448 32 32 3168 450 32 30 
b 152 3168 416 32 32 3168 418 32 30 
b 152 3168 384 32 32 3168 386 32 30 
b 152 3200 384 32 32 3200 386 32 30 
b 152 3200 416 32 32 3200 418 32 30 
b 152 3200 448 32 32 3200 450 32 30 
b 152 3232 416 32 32 3232 418 32 30 
b 152 3264 384 32 32 3264 386 32 30 
b 152 3232 384 32 32 3232 386 32 30 
b 152 3296 384 32 32 3296 386 32 30 
b 152 3296 384 32 32 3296 386 32 30 
b 152 3264 416 32 32 3264 418 32 30 
b 152 3296 416 32 32 3296 418 32 30 
b 152 3296 448 32 32 3296 450 32 30 
b 152 3264 448 32 32 3264 450 32 30 
b 152 3232 448 32 32 3232 450 32 30 
b 152 3168 640 32 32 3168 642 32 30 
b 152 3168 704 32 32 3168 706 32 30 
b 152 3168 704 32 32 3168 706 32 30 
b 152 3168 672 32 32 3168 674 32 30 
b 152 3168 768 32 32 3168 770 32 30 
b 152 3168 736 32 32 3168 738 32 30 
b 152 3200 736 32 32 3200 738 32 30 
b 152 3200 768 32 32 3200 770 32 30 
b 152 3200 704 32 32 3200 706 32 30 
b 152 3200 672 32 32 3200 674 32 30 
b 152 3200 640 32 32 3200 642 32 30 
b 152 3232 640 32 32 3232 642 32 30 
b 152 3232 672 32 32 3232 674 32 30 
b 152 3232 704 32 32 3232 706 32 30 
b 152 3232 768 32 32 3232 770 32 30 
b 152 3232 736 32 32 3232 738 32 30 
b 152 3264 736 32 32 3264 738 32 30 
b 152 3264 768 32 32 3264 770 32 30 
b 152 3264 704 32 32 3264 706 32 30 
b 152 3264 672 32 32 3264 674 32 30 
b 152 3264 640 32 32 3264 642 32 30 
b 152 3296 640 32 32 3296 642 32 30 
b 152 3296 672 32 32 3296 674 32 30 
b 152 3296 704 32 32 3296 706 32 30 
b 152 3296 736 32 32 3296 738 32 30 
b 152 3296 768 32 32 3296 770 32 30 
b 152 3328 736 32 32 3328 738 32 30 
b 152 3328 768 32 32 3328 770 32 30 
b 152 3360 736 32 32 3360 738 32 30 
b 152 3360 768 32 32 3360 770 32 30 
b 152 3328 384 32 32 3328 386 32 30 
b 152 3360 384 32 32 3360 386 32 30 
b 152 3392 736 32 32 3392 738 32 30 
b 152 3392 768 32 32 3392 770 32 30 
b 152 3424 768 32 32 3424 770 32 30 
b 152 3424 736 32 32 3424 738 32 30 
b 152 3456 736 32 32 3456 738 32 30 
b 152 3456 768 32 32 3456 770 32 30 
b 152 3488 736 32 32 3488 738 32 30 
b 152 3488 768 32 32 3488 770 32 30 
b 152 3392 384 32 32 3392 386 32 30 
b 152 3424 384 32 32 3424 386 32 30 
b 152 3456 384 32 32 3456 386 32 30 
b 152 3488 384 32 32 3488 386 32 30 
b 152 3520 384 32 32 3520 386 32 30 
b 152 3552 384 32 32 3552 386 32 30 
b 152 3584 384 32 32 3584 386 32 30 
b 152 3520 736 32 32 3520 738 32 30 
b 152 3520 768 32 32 3520 770 32 30 
b 152 3552 768 32 32 3552 770 32 30 
b 152 3552 736 32 32 3552 738 32 30 
b 152 3584 736 32 32 3584 738 32 30 
b 152 3616 768 32 32 3616 770 32 30 
b 152 3616 736 32 32 3616 738 32 30 
b 152 3584 768 32 32 3584 770 32 30 
b 152 3648 736 32 32 3648 738 32 30 
b 152 3648 768 32 32 3648 770 32 30 
b 152 3680 768 32 32 3680 770 32 30 
b 152 3680 736 32 32 3680 738 32 30 
b 152 3712 736 32 32 3712 738 32 30 
b 152 3712 768 32 32 3712 770 32 30 
b 152 3712 704 32 32 3712 706 32 30 
b 152 3712 672 32 32 3712 674 32 30 
b 152 3712 640 32 32 3712 642 32 30 
b 152 3712 384 32 32 3712 386 32 30 
b 152 3680 384 32 32 3680 386 32 30 
b 152 3648 384 32 32 3648 386 32 30 
b 152 3616 384 32 32 3616 386 32 30 
b 152 3744 640 32 32 3744 642 32 30 
b 152 3744 672 32 32 3744 674 32 30 
b 152 3744 704 32 32 3744 706 32 30 
b 152 3744 736 32 32 3744 738 32 30 
b 152 3744 768 32 32 3744 770 32 30 
b 152 3776 768 32 32 3776 770 32 30 
b 152 3776 736 32 32 3776 738 32 30 
b 152 3776 704 32 32 3776 706 32 30 
b 152 3776 672 32 32 3776 674 32 30 
b 152 3776 640 32 32 3776 642 32 30 
b 152 3808 640 32 32 3808 642 32 30 
b 152 3808 672 32 32 3808 674 32 30 
b 152 3808 704 32 32 3808 706 32 30 
b 152 3808 736 32 32 3808 738 32 30 
b 152 3808 768 32 32 3808 770 32 30 
b 152 3840 768 32 32 3840 770 32 30 
b 152 3840 736 32 32 3840 738 32 30 
b 152 3872 736 32 32 3872 738 32 30 
b 152 3872 768 32 32 3872 770 32 30 
b 152 3904 768 32 32 3904 770 32 30 
b 152 3904 736 32 32 3904 738 32 30 
b 152 3936 736 32 32 3936 738 32 30 
b 152 3936 768 32 32 3936 770 32 30 
b 152 3936 704 32 32 3936 706 32 30 
b 152 3936 672 32 32 3936 674 32 30 
b 152 3936 640 32 32 3936 642 32 30 
b 152 3744 384 32 32 3744 386 32 30 
b 152 3776 384 32 32 3776 386 32 30 
b 152 3808 384 32 32 3808 386 32 30 
b 152 3840 384 32 32 3840 386 32 30 
b 152 3872 384 32 32 3872 386 32 30 
b 152 3904 384 32 32 3904 386 32 30 
b 152 3936 384 32 32 3936 386 32 30 
b 152 3936 384 32 32 3936 386 32 30 
b 152 3968 384 32 32 3968 386 32 30 
b 152 4000 384 32 32 4000 386 32 30 
b 152 4032 384 32 32 4032 386 32 30 
b 152 4064 384 32 32 4064 386 32 30 
b 152 4096 384 32 32 4096 386 32 30 
b 152 4128 384 32 32 4128 386 32 30 
b 152 4160 384 32 32 4160 386 32 30 
b 152 4192 384 32 32 4192 386 32 30 
b 152 4064 416 32 32 4064 418 32 30 
b 152 4032 416 32 32 4032 418 32 30 
b 152 4000 416 32 32 4000 418 32 30 
b 152 3968 384 32 32 3968 386 32 30 
b 152 3904 384 32 32 3904 386 32 30 
b 152 3936 416 32 32 3936 418 32 30 
b 152 3936 448 32 32 3936 450 32 30 
b 152 3968 448 32 32 3968 450 32 30 
b 152 4000 448 32 32 4000 450 32 30 
b 152 4032 448 32 32 4032 450 32 30 
b 152 4064 448 32 32 4064 450 32 30 
b 152 3968 640 32 32 3968 642 32 30 
b 152 4000 640 32 32 4000 642 32 30 
b 152 4032 640 32 32 4032 642 32 30 
b 152 4064 640 32 32 4064 642 32 30 
b 152 4064 672 32 32 4064 674 32 30 
b 152 4032 672 32 32 4032 674 32 30 
b 152 4000 672 32 32 4000 674 32 30 
b 152 3968 672 32 32 3968 674 32 30 
b 152 3968 704 32 32 3968 706 32 30 
b 152 4000 704 32 32 4000 706 32 30 
b 152 4032 704 32 32 4032 706 32 30 
b 152 4064 704 32 32 4064 706 32 30 
b 152 4064 736 32 32 4064 738 32 30 
b 152 4032 736 32 32 4032 738 32 30 
b 152 4000 736 32 32 4000 738 32 30 
b 152 3968 736 32 32 3968 738 32 30 
b 152 3968 768 32 32 3968 770 32 30 
b 152 4000 768 32 32 4000 770 32 30 
b 152 4032 768 32 32 4032 770 32 30 
b 152 4064 768 32 32 4064 770 32 30 
b 152 4512 608 32 32 4512 610 32 30 
b 152 4256 384 32 32 4256 386 32 30 
b 152 4288 384 32 32 4288 386 32 30 
b 152 4320 384 32 32 4320 386 32 30 
b 152 4352 384 32 32 4352 386 32 30 
b 152 4384 384 32 32 4384 386 32 30 
b 152 4448 384 32 32 4448 386 32 30 
b 152 4480 384 32 32 4480 386 32 30 
b 152 4416 384 32 32 4416 386 32 30 
b 152 4512 384 32 32 4512 386 32 30 
b 152 4544 384 32 32 4544 386 32 30 
b 152 4544 384 32 32 4544 386 32 30 
b 152 4544 416 32 32 4544 418 32 30 
b 152 4544 448 32 32 4544 450 32 30 
b 152 4544 480 32 32 4544 482 32 30 
b 152 4576 480 32 32 4576 482 32 30 
b 152 4576 416 32 32 4576 418 32 30 
b 152 4576 384 32 32 4576 386 32 30 
b 152 4576 416 32 32 4576 418 32 30 
b 152 4576 448 32 32 4576 450 32 30 
b 152 4640 384 32 32 4640 386 32 30 
b 152 4608 384 32 32 4608 386 32 30 
b 152 4672 384 32 32 4672 386 32 30 
b 152 4704 384 32 32 4704 386 32 30 
b 152 4736 384 32 32 4736 386 32 30 
b 152 4768 384 32 32 4768 386 32 30 
b 152 4544 608 32 32 4544 610 32 30 
b 152 4576 608 32 32 4576 610 32 30 
b 152 4576 640 32 32 4576 642 32 30 
b 152 4544 640 32 32 4544 642 32 30 
b 152 4512 640 32 32 4512 642 32 30 
b 152 4512 672 32 32 4512 674 32 30 
b 152 4544 672 32 32 4544 674 32 30 
b 152 4576 672 32 32 4576 674 32 30 
b 152 4576 704 32 32 4576 706 32 30 
b 152 4544 704 32 32 4544 706 32 30 
b 152 4512 704 32 32 4512 706 32 30 
b 152 4512 736 32 32 4512 738 32 30 
b 152 4544 736 32 32 4544 738 32 30 
b 152 4576 736 32 32 4576 738 32 30 
b 152 4576 768 32 32 4576 770 32 30 
b 152 4544 768 32 32 4544 770 32 30 
b 152 4512 768 32 32 4512 770 32 30 
b 152 4608 736 32 32 4608 738 32 30 
b 152 4608 768 32 32 4608 770 32 30 
b 152 4640 736 32 32 4640 738 32 30 
b 152 4672 736 32 32 4672 738 32 30 
b 152 4672 768 32 32 4672 770 32 30 
b 152 4640 768 32 32 4640 770 32 30 
b 152 4704 736 32 32 4704 738 32 30 
b 152 4704 768 32 32 4704 770 32 30 
b 152 4736 736 32 32 4736 738 32 30 
b 152 4736 768 32 32 4736 770 32 30 
b 152 4768 736 32 32 4768 738 32 30 
b 152 4768 768 32 32 4768 770 32 30 
b 152 4800 384 32 32 4800 386 32 30 
b 152 4832 384 32 32 4832 386 32 30 
b 152 4864 384 32 32 4864 386 32 30 
b 152 4896 384 32 32 4896 386 32 30 
b 152 4928 384 32 32 4928 386 32 30 
b 152 4800 736 32 32 4800 738 32 30 
b 152 4800 768 32 32 4800 770 32 30 
b 152 4832 768 32 32 4832 770 32 30 
b 152 4832 736 32 32 4832 738 32 30 
b 152 4864 736 32 32 4864 738 32 30 
b 152 4864 768 32 32 4864 770 32 30 
b 152 4896 768 32 32 4896 770 32 30 
b 152 4896 736 32 32 4896 738 32 30 
b 152 4928 736 32 32 4928 738 32 30 
b 152 4928 768 32 32 4928 770 32 30 
b 152 4992 736 32 32 4992 738 32 30 
b 152 4992 768 32 32 4992 770 32 30 
b 152 4960 736 32 32 4960 738 32 30 
b 152 4960 768 32 32 4960 770 32 30 
b 152 5024 736 32 32 5024 738 32 30 
b 152 5024 768 32 32 5024 770 32 30 
b 152 5056 736 32 32 5056 738 32 30 
b 152 5056 768 32 32 5056 770 32 30 
b 152 5088 736 32 32 5088 738 32 30 
b 152 5088 768 32 32 5088 770 32 30 
b 152 4960 384 32 32 4960 386 32 30 
b 152 4992 384 32 32 4992 386 32 30 
b 152 5024 384 32 32 5024 386 32 30 
b 152 5056 384 32 32 5056 386 32 30 
b 152 5056 384 32 32 5056 386 32 30 
b 152 5056 384 32 32 5056 386 32 30 
b 152 5088 384 32 32 5088 386 32 30 
b 152 1600 704 32 32 1600 706 32 30 
b 152 2464 672 32 32 2464 674 32 30 
b 152 3968 416 32 32 3968 418 32 30 
b 152 4224 384 32 32 4224 386 32 30 
g 155 416 704 32 32 416 706 32 30 
g 155 448 704 32 32 448 706 32 30 
g 154 416 768 32 32 416 770 32 30 
g 154 416 736 32 32 416 738 32 30 
g 154 448 736 32 32 448 738 32 30 
g 154 448 768 32 32 448 770 32 30 
g 155 832 736 32 32 832 738 32 30 
g 155 864 736 32 32 864 738 32 30 
g 155 896 736 32 32 896 738 32 30 
g 154 832 768 32 32 832 770 32 30 
g 154 864 768 32 32 864 770 32 30 
g 154 896 768 32 32 896 770 32 30 
g 155 1024 736 32 32 1024 738 32 30 
g 155 1056 736 32 32 1056 738 32 30 
g 155 1088 736 32 32 1088 738 32 30 
g 154 1024 768 32 32 1024 770 32 30 
g 154 1056 768 32 32 1056 770 32 30 
g 155 4096 736 32 32 4096 738 32 30 
g 155 4128 736 32 32 4128 738 32 30 
g 154 4096 768 32 32 4096 770 32 30 
g 154 4128 768 32 32 4128 770 32 30 
g 155 4160 736 32 32 4160 738 32 30 
g 154 4160 768 32 32 4160 770 32 30 
g 155 4192 736 32 32 4192 738 32 30 
g 154 4192 768 32 32 4192 770 32 30 
g 155 4224 736 32 32 4224 738 32 30 
g 154 4224 768 32 32 4224 770 32 30 
g 155 4256 736 32 32 4256 738 32 30 
g 154 4256 768 32 32 4256 770 32 30 
g 155 4288 736 32 32 4288 738 32 30 
g 154 4288 768 32 32 4288 770 32 30 
g 155 4320 736 32 32 4320 738 32 30 
g 154 4320 768 32 32 4320 770 32 30 
g 155 4352 736 32 32 4352 738 32 30 
g 154 4352 768 32 32 4352 770 32 30 
g 155 4384 736 32 32 4384 738 32 30 
g 154 4384 768 32 32 4384 770 32 30 
g 155 4416 736 32 32 4416 738 32 30 
g 154 4416 768 32 32 4416 770 32 30 
g 155 4448 736 32 32 4448 738 32 30 
g 154 4448 768 32 32 4448 770 32 30 
g 155 4480 736 32 32 4480 738 32 30 
g 154 4480 768 32 32 4480 770 32 30 
g 154 1088 768 32 32 1088 770 32 30 
b 54 736 512 32 32 736 514 32 30 
b 54 960 640 32 32 960 642 32 30 
b 54 1184 512 32 32 1184 514 32 30 
b 54 1568 512 32 32 1568 514 32 30 
b 54 1920 512 32 32 1920 514 32 30 
b 54 2144 512 32 32 2144 514 32 30 
b 54 2432 608 32 32 2432 610 32 30 
b 54 2560 448 32 32 2560 450 32 30 
b 54 2688 608 32 32 2688 610 32 30 
b 54 2816 448 32 32 2816 450 32 30 
b 54 2944 608 32 32 2944 610 32 30 
