7168
0
M 0 457 706 24 32 457 706 24 32 237 350 500 450 0
a 7 704 608 32 32 704 610 32 30 
a 7 768 608 32 32 768 610 32 30 
a 7 5472 608 32 32 5472 610 32 30 
a 7 5408 608 32 32 5408 610 32 30 
a 7 5376 608 32 32 5376 610 32 30 
a 7 4160 608 32 32 4160 610 32 30 
a 7 4128 608 32 32 4128 610 32 30 
a 7 4192 480 32 32 4192 482 32 30 
a 7 4096 480 32 32 4096 482 32 30 
a 7 3936 480 32 32 3936 482 32 30 
a 7 3904 480 32 32 3904 482 32 30 
a 7 3872 480 32 32 3872 482 32 30 
a 7 3776 608 32 32 3776 610 32 30 
a 7 3200 608 32 32 3200 610 32 30 
a 7 2464 608 32 32 2464 610 32 30 
a 7 2528 608 32 32 2528 610 32 30 
a 7 2560 480 32 32 2560 482 32 30 
a 7 2592 480 32 32 2592 482 32 30 
a 7 2624 480 32 32 2624 482 32 30 
a 7 2656 480 32 32 2656 482 32 30 
a 7 2688 480 32 32 2688 482 32 30 
a 7 2720 480 32 32 2720 482 32 30 
a 7 2752 480 32 32 2752 482 32 30 
a 7 2784 480 32 32 2784 482 32 30 
a 7 2913 480 32 32 2913 482 32 30 
a 7 2945 480 32 32 2945 482 32 30 
a 7 2977 480 32 32 2977 482 32 30 
p 51 736 608 32 32 736 610 32 30 c 
p 51 704 480 32 32 704 482 32 30 c 
p 51 3008 480 32 32 3008 482 32 30 c 
p 51 3392 608 32 32 3392 610 32 30 c 
p 51 3488 608 32 32 3488 610 32 30 c 
p 51 4160 480 32 32 4160 482 32 30 c 
p 51 4128 480 32 32 4128 482 32 30 c 
p 51 5440 608 32 32 5440 610 32 30 c 
p 51 2496 608 32 32 2496 610 32 30 
p 51 3488 480 32 32 3488 482 32 30 
3 10 1280 704 32 32 1280 706 32 30 
3 10 1664 704 32 32 1664 706 32 30 
3 10 2560 448 32 32 2560 450 32 30 
3 10 2624 448 32 32 2624 450 32 30 
3 10 3712 704 32 32 3712 706 32 30 
3 10 3648 704 32 32 3648 706 32 30 
3 10 3968 704 32 32 3968 706 32 30 
3 10 4096 704 32 32 4096 706 32 30 
3 10 4032 704 32 32 4032 706 32 30 
3 10 4128 704 32 32 4128 706 32 30 
3 10 5693 706 32 32 5693 708 32 30 
3 10 5568 704 32 32 5568 706 32 30 
p 51 3584 608 32 32 3584 610 32 30 c 
1 77 3424 680 32 46 3424 682 32 44 0
m 7 3008 608 32 32 3008 610 32 30 
u 7 3232 608 32 32 3232 610 32 30 s 
o -1 2048 576 32 32 2048 578 32 30 h 
p 51 672 608 32 32 672 610 32 30 
p 51 512 608 32 32 512 610 32 30 c 
a 7 640 608 32 32 640 610 32 30 
z 1490 600 1490 700 50 400 Levels/level1-1_Underground.txt 
x 6336 
g 42 6528 704 32 32 6528 706 32 30 
g 47 6464 640 32 32 6464 642 32 30 
g 47 6496 576 32 32 6496 578 32 30 
g 47 6528 576 32 32 6528 578 32 30 
g 47 6560 576 32 32 6560 578 32 30 
g 47 6592 640 32 32 6592 642 32 30 
g 46 6560 640 32 32 6560 642 32 30 
g 46 6528 640 32 32 6528 642 32 30 
g 46 6496 640 32 32 6496 642 32 30 
g 41 6592 704 32 32 6592 706 32 30 
g 41 6592 672 32 32 6592 674 32 30 
g 41 6560 704 32 32 6560 706 32 30 
g 41 6560 672 32 32 6560 674 32 30 
g 41 6464 672 32 32 6464 674 32 30 
g 41 6464 704 32 32 6464 706 32 30 
g 41 6496 704 32 32 6496 706 32 30 
g 41 6496 672 32 32 6496 674 32 30 
g 41 6528 608 32 32 6528 610 32 30 
g 45 6560 608 32 32 6560 610 32 30 
g 44 6496 608 32 32 6496 610 32 30 
g 43 6528 672 32 32 6528 674 32 30 
b 40 5760 704 32 32 5760 706 32 30 
b 39 5728 704 32 32 5728 706 32 30 
b 38 5760 672 32 32 5760 674 32 30 
b 37 5728 672 32 32 5728 674 32 30 
b 40 5248 704 32 32 5248 706 32 30 
b 39 5216 704 32 32 5216 706 32 30 
b 38 5248 672 32 32 5248 674 32 30 
b 37 5216 672 32 32 5216 674 32 30 
b 40 1856 704 32 32 1856 706 32 30 
b 40 1856 672 32 32 1856 674 32 30 
b 40 1856 640 32 32 1856 642 32 30 
b 39 1824 704 32 32 1824 706 32 30 
b 39 1824 672 32 32 1824 674 32 30 
b 39 1824 640 32 32 1824 642 32 30 
b 38 1856 608 32 32 1856 610 32 30 
b 37 1824 608 32 32 1824 610 32 30 
b 40 1504 704 32 32 1504 706 32 30 
b 40 1504 672 32 32 1504 674 32 30 
b 40 1504 640 32 32 1504 642 32 30 
b 39 1472 704 32 32 1472 706 32 30 
b 39 1472 672 32 32 1472 674 32 30 
b 39 1472 640 32 32 1472 642 32 30 
b 38 1504 608 32 32 1504 610 32 30 
b 37 1472 608 32 32 1472 610 32 30 
b 40 1248 672 32 32 1248 674 32 30 
b 39 1216 704 32 32 1216 706 32 30 
b 40 1248 704 32 32 1248 706 32 30 
b 39 1216 672 32 32 1216 674 32 30 
b 38 1248 640 32 32 1248 642 32 30 
b 37 1216 640 32 32 1216 642 32 30 
b 40 928 704 32 32 928 706 32 30 
b 39 896 704 32 32 896 706 32 30 
b 38 928 672 32 32 928 674 32 30 
b 37 896 672 32 32 896 674 32 30 
g 32 7136 448 32 32 7136 450 32 30 
g 28 7104 448 32 32 7104 450 32 30 
g 28 7072 448 32 32 7072 450 32 30 
g 28 7040 448 32 32 7040 450 32 30 
g 30 7008 448 32 32 7008 450 32 30 
g 33 7136 416 32 32 7136 418 32 30 
g 29 7104 416 32 32 7104 418 32 30 
g 29 7072 416 32 32 7072 418 32 30 
g 29 7040 416 32 32 7040 418 32 30 
g 31 7008 416 32 32 7008 418 32 30 
g 32 6816 416 32 32 6816 418 32 30 
g 28 6784 416 32 32 6784 418 32 30 
g 30 6752 416 32 32 6752 418 32 30 
g 33 6816 384 32 32 6816 386 32 30 
g 29 6784 384 32 32 6784 386 32 30 
g 31 6752 384 32 32 6752 386 32 30 
g 32 6464 448 32 32 6464 450 32 30 
g 28 6432 448 32 32 6432 450 32 30 
g 30 6400 448 32 32 6400 450 32 30 
g 29 6432 416 32 32 6432 418 32 30 
g 33 6464 416 32 32 6464 418 32 30 
g 31 6400 416 32 32 6400 418 32 30 
g 32 5856 416 32 32 5856 418 32 30 
g 28 5824 416 32 32 5824 418 32 30 
g 28 5792 416 32 32 5792 418 32 30 
g 30 5760 416 32 32 5760 418 32 30 
g 33 5856 384 32 32 5856 386 32 30 
g 29 5824 384 32 32 5824 386 32 30 
g 29 5792 384 32 32 5792 386 32 30 
g 31 5760 384 32 32 5760 386 32 30 
g 32 5600 448 32 32 5600 450 32 30 
g 28 5568 448 32 32 5568 450 32 30 
g 28 5536 448 32 32 5536 450 32 30 
g 28 5504 448 32 32 5504 450 32 30 
g 30 5472 448 32 32 5472 450 32 30 
g 33 5600 416 32 32 5600 418 32 30 
g 29 5568 416 32 32 5568 418 32 30 
g 29 5536 416 32 32 5536 418 32 30 
g 29 5504 416 32 32 5504 418 32 30 
g 31 5472 416 32 32 5472 418 32 30 
g 32 4064 448 32 32 4064 450 32 30 
g 28 4032 448 32 32 4032 450 32 30 
g 28 4000 448 32 32 4000 450 32 30 
g 28 3968 448 32 32 3968 450 32 30 
g 30 3936 448 32 32 3936 450 32 30 
g 33 4064 416 32 32 4064 418 32 30 
g 29 4032 416 32 32 4032 418 32 30 
g 29 4000 416 32 32 4000 418 32 30 
g 29 3968 416 32 32 3968 418 32 30 
g 31 3936 416 32 32 3936 418 32 30 
g 32 3744 416 32 32 3744 418 32 30 
g 28 3712 416 32 32 3712 418 32 30 
g 30 3680 416 32 32 3680 418 32 30 
g 33 3744 384 32 32 3744 386 32 30 
g 29 3712 384 32 32 3712 386 32 30 
g 31 3680 384 32 32 3680 386 32 30 
g 32 3392 448 32 32 3392 450 32 30 
g 28 3360 448 32 32 3360 450 32 30 
g 30 3328 448 32 32 3328 450 32 30 
g 33 3392 416 32 32 3392 418 32 30 
g 29 3360 416 32 32 3360 418 32 30 
g 31 3328 416 32 32 3328 418 32 30 
g 32 2784 416 32 32 2784 418 32 30 
g 28 2752 416 32 32 2752 418 32 30 
g 28 2720 416 32 32 2720 418 32 30 
g 30 2688 416 32 32 2688 418 32 30 
g 33 2784 384 32 32 2784 386 32 30 
g 29 2752 384 32 32 2752 386 32 30 
g 29 2720 384 32 32 2720 386 32 30 
g 31 2688 384 32 32 2688 386 32 30 
g 32 2528 448 32 32 2528 450 32 30 
g 28 2496 448 32 32 2496 450 32 30 
g 28 2464 448 32 32 2464 450 32 30 
g 28 2432 448 32 32 2432 450 32 30 
g 30 2400 448 32 32 2400 450 32 30 
g 33 2528 416 32 32 2528 418 32 30 
g 29 2496 416 32 32 2496 418 32 30 
g 29 2464 416 32 32 2464 418 32 30 
g 29 2432 416 32 32 2432 418 32 30 
g 31 2400 416 32 32 2400 418 32 30 
g 32 2208 416 32 32 2208 418 32 30 
g 28 2176 416 32 32 2176 418 32 30 
g 30 2144 416 32 32 2144 418 32 30 
g 33 2208 384 32 32 2208 386 32 30 
g 29 2176 384 32 32 2176 386 32 30 
g 31 2144 384 32 32 2144 386 32 30 
g 32 1248 416 32 32 1248 418 32 30 
g 28 1216 416 32 32 1216 418 32 30 
g 28 1184 416 32 32 1184 418 32 30 
g 30 1152 416 32 32 1152 418 32 30 
g 33 1248 384 32 32 1248 386 32 30 
g 29 1216 384 32 32 1216 386 32 30 
g 29 1184 384 32 32 1184 386 32 30 
g 31 1152 384 32 32 1152 386 32 30 
g 32 320 448 32 32 320 450 32 30 
g 28 288 448 32 32 288 450 32 30 
g 30 256 448 32 32 256 450 32 30 
g 33 320 416 32 32 320 418 32 30 
g 29 288 416 32 32 288 418 32 30 
g 31 256 416 32 32 256 418 32 30 
g 36 2016 704 32 32 2016 706 32 30 
g 35 1984 704 32 32 1984 706 32 30 
g 35 1952 704 32 32 1952 706 32 30 
g 35 1920 704 32 32 1920 706 32 30 
g 34 1888 704 32 32 1888 706 32 30 
g 36 1408 704 32 32 1408 706 32 30 
g 35 1376 704 32 32 1376 706 32 30 
g 35 1344 704 32 32 1344 706 32 30 
g 34 1312 704 32 32 1312 706 32 30 
g 36 800 704 32 32 800 706 32 30 
g 35 768 704 32 32 768 706 32 30 
g 34 736 704 32 32 736 706 32 30 
g 34 352 704 32 32 352 706 32 30 
g 27 6688 672 32 32 6688 674 32 30 
g 26 6720 704 32 32 6720 706 32 30 
g 25 6656 704 32 32 6656 706 32 30 
g 23 6688 704 32 32 6688 706 32 30 
g 27 6208 640 32 32 6208 642 32 30 
g 26 6272 704 32 32 6272 706 32 30 
g 26 6240 672 32 32 6240 674 32 30 
g 25 6176 672 32 32 6176 674 32 30 
g 25 6144 704 32 32 6144 706 32 30 
g 24 6208 704 32 32 6208 706 32 30 
g 23 6240 704 32 32 6240 706 32 30 
g 23 6208 672 32 32 6208 674 32 30 
g 23 6176 704 32 32 6176 706 32 30 
g 27 5152 672 32 32 5152 674 32 30 
g 26 5184 704 32 32 5184 706 32 30 
g 25 5120 704 32 32 5120 706 32 30 
g 23 5152 704 32 32 5152 706 32 30 
g 27 4672 640 32 32 4672 642 32 30 
g 26 4704 672 32 32 4704 674 32 30 
g 25 4640 672 32 32 4640 674 32 30 
g 25 4608 704 32 32 4608 706 32 30 
g 24 4672 704 32 32 4672 706 32 30 
g 23 4704 704 32 32 4704 706 32 30 
g 23 4672 672 32 32 4672 674 32 30 
g 23 4640 704 32 32 4640 706 32 30 
g 27 3616 672 32 32 3616 674 32 30 
g 26 3648 704 32 32 3648 706 32 30 
g 25 3584 704 32 32 3584 706 32 30 
g 23 3616 704 32 32 3616 706 32 30 
g 27 3136 640 32 32 3136 642 32 30 
g 26 3200 704 32 32 3200 706 32 30 
g 26 3168 672 32 32 3168 674 32 30 
g 25 3104 672 32 32 3104 674 32 30 
g 25 3072 704 32 32 3072 706 32 30 
g 24 3136 704 32 32 3136 706 32 30 
g 23 3168 704 32 32 3168 706 32 30 
g 23 3136 672 32 32 3136 674 32 30 
g 23 3104 704 32 32 3104 706 32 30 
g 27 2080 672 32 32 2080 674 32 30 
g 26 2112 704 32 32 2112 706 32 30 
g 25 2048 704 32 32 2048 706 32 30 
g 23 2080 704 32 32 2080 706 32 30 
g 27 1600 640 32 32 1600 642 32 30 
g 26 1664 704 32 32 1664 706 32 30 
g 26 1632 672 32 32 1632 674 32 30 
g 25 1568 672 32 32 1568 674 32 30 
g 25 1536 704 32 32 1536 706 32 30 
g 24 1600 704 32 32 1600 706 32 30 
g 23 1632 704 32 32 1632 706 32 30 
g 23 1600 672 32 32 1600 674 32 30 
g 23 1568 704 32 32 1568 706 32 30 
g 27 544 672 32 32 544 674 32 30 
g 26 576 704 32 32 576 706 32 30 
g 25 512 704 32 32 512 706 32 30 
g 23 544 704 32 32 544 706 32 30 
g 24 64 704 32 32 64 706 32 30 
g 23 32 704 32 32 32 706 32 30 
g 23 96 704 32 32 96 706 32 30 
g 23 64 672 32 32 64 674 32 30 
b 1 0 736 32 32 0 738 32 30 
b 1 32 736 32 32 32 738 32 30 
b 1 64 736 32 32 64 738 32 30 
b 1 96 736 32 32 96 738 32 30 
b 1 128 736 32 32 128 738 32 30 
b 1 160 736 32 32 160 738 32 30 
b 1 192 736 32 32 192 738 32 30 
b 1 224 736 32 32 224 738 32 30 
b 1 256 736 32 32 256 738 32 30 
b 1 288 736 32 32 288 738 32 30 
b 1 320 736 32 32 320 738 32 30 
b 1 352 736 32 32 352 738 32 30 
b 1 384 736 32 32 384 738 32 30 
b 1 416 736 32 32 416 738 32 30 
b 1 448 736 32 32 448 738 32 30 
b 1 480 736 32 32 480 738 32 30 
b 1 512 736 32 32 512 738 32 30 
b 1 544 736 32 32 544 738 32 30 
b 1 576 736 32 32 576 738 32 30 
b 1 608 736 32 32 608 738 32 30 
b 1 640 736 32 32 640 738 32 30 
b 1 672 736 32 32 672 738 32 30 
b 1 704 736 32 32 704 738 32 30 
b 1 736 736 32 32 736 738 32 30 
b 1 768 736 32 32 768 738 32 30 
b 1 800 736 32 32 800 738 32 30 
b 1 832 736 32 32 832 738 32 30 
b 1 864 736 32 32 864 738 32 30 
b 1 896 736 32 32 896 738 32 30 
b 1 928 736 32 32 928 738 32 30 
b 1 960 736 32 32 960 738 32 30 
b 1 992 736 32 32 992 738 32 30 
b 1 1024 736 32 32 1024 738 32 30 
b 1 1056 736 32 32 1056 738 32 30 
b 1 1088 736 32 32 1088 738 32 30 
b 1 1120 736 32 32 1120 738 32 30 
b 1 1152 736 32 32 1152 738 32 30 
b 1 1184 736 32 32 1184 738 32 30 
b 1 1216 736 32 32 1216 738 32 30 
b 1 1248 736 32 32 1248 738 32 30 
b 1 1280 736 32 32 1280 738 32 30 
b 1 1312 736 32 32 1312 738 32 30 
b 1 1344 736 32 32 1344 738 32 30 
b 1 1376 736 32 32 1376 738 32 30 
b 1 1408 736 32 32 1408 738 32 30 
b 1 1440 736 32 32 1440 738 32 30 
b 1 1472 736 32 32 1472 738 32 30 
b 1 1504 736 32 32 1504 738 32 30 
b 1 1536 736 32 32 1536 738 32 30 
b 1 1568 736 32 32 1568 738 32 30 
b 1 1600 736 32 32 1600 738 32 30 
b 1 1632 736 32 32 1632 738 32 30 
b 1 1664 736 32 32 1664 738 32 30 
b 1 1696 736 32 32 1696 738 32 30 
b 1 1728 736 32 32 1728 738 32 30 
b 1 1760 736 32 32 1760 738 32 30 
b 1 1792 736 32 32 1792 738 32 30 
b 1 1824 736 32 32 1824 738 32 30 
b 1 1856 736 32 32 1856 738 32 30 
b 1 1888 736 32 32 1888 738 32 30 
b 1 1920 736 32 32 1920 738 32 30 
b 1 1952 736 32 32 1952 738 32 30 
b 1 1984 736 32 32 1984 738 32 30 
b 1 2016 736 32 32 2016 738 32 30 
b 1 2048 736 32 32 2048 738 32 30 
b 1 2080 736 32 32 2080 738 32 30 
b 1 2112 736 32 32 2112 738 32 30 
b 1 2144 736 32 32 2144 738 32 30 
b 1 2176 736 32 32 2176 738 32 30 
b 1 2272 736 32 32 2272 738 32 30 
b 1 2304 736 32 32 2304 738 32 30 
b 1 2336 736 32 32 2336 738 32 30 
b 1 2368 736 32 32 2368 738 32 30 
b 1 2400 736 32 32 2400 738 32 30 
b 1 2432 736 32 32 2432 738 32 30 
b 1 2464 736 32 32 2464 738 32 30 
b 1 2496 736 32 32 2496 738 32 30 
b 1 2528 736 32 32 2528 738 32 30 
b 1 2560 736 32 32 2560 738 32 30 
b 1 2592 736 32 32 2592 738 32 30 
b 1 2624 736 32 32 2624 738 32 30 
b 1 2656 736 32 32 2656 738 32 30 
b 1 2688 736 32 32 2688 738 32 30 
b 1 2720 736 32 32 2720 738 32 30 
b 1 2848 736 32 32 2848 738 32 30 
b 1 2880 736 32 32 2880 738 32 30 
b 1 2912 736 32 32 2912 738 32 30 
b 1 2944 736 32 32 2944 738 32 30 
b 1 2976 736 32 32 2976 738 32 30 
b 1 3008 736 32 32 3008 738 32 30 
b 1 3040 736 32 32 3040 738 32 30 
b 1 3072 736 32 32 3072 738 32 30 
b 1 3104 736 32 32 3104 738 32 30 
b 1 3136 736 32 32 3136 738 32 30 
b 1 3168 736 32 32 3168 738 32 30 
b 1 3200 736 32 32 3200 738 32 30 
b 1 3232 736 32 32 3232 738 32 30 
b 1 3264 736 32 32 3264 738 32 30 
b 1 3296 736 32 32 3296 738 32 30 
b 1 3328 736 32 32 3328 738 32 30 
b 1 3360 736 32 32 3360 738 32 30 
b 1 3392 736 32 32 3392 738 32 30 
b 1 3424 736 32 32 3424 738 32 30 
b 1 3456 736 32 32 3456 738 32 30 
b 1 3488 736 32 32 3488 738 32 30 
b 1 3520 736 32 32 3520 738 32 30 
b 1 3552 736 32 32 3552 738 32 30 
b 1 3584 736 32 32 3584 738 32 30 
b 1 3616 736 32 32 3616 738 32 30 
b 1 3648 736 32 32 3648 738 32 30 
b 1 3680 736 32 32 3680 738 32 30 
b 1 3712 736 32 32 3712 738 32 30 
b 1 3744 736 32 32 3744 738 32 30 
b 1 3776 736 32 32 3776 738 32 30 
b 1 3808 736 32 32 3808 738 32 30 
b 1 3840 736 32 32 3840 738 32 30 
b 1 3872 736 32 32 3872 738 32 30 
b 1 3904 736 32 32 3904 738 32 30 
b 1 3936 736 32 32 3936 738 32 30 
b 1 3968 736 32 32 3968 738 32 30 
b 1 4000 736 32 32 4000 738 32 30 
b 1 4032 736 32 32 4032 738 32 30 
b 1 4064 736 32 32 4064 738 32 30 
b 1 4096 736 32 32 4096 738 32 30 
b 1 4128 736 32 32 4128 738 32 30 
b 1 4160 736 32 32 4160 738 32 30 
b 1 4192 736 32 32 4192 738 32 30 
b 1 4224 736 32 32 4224 738 32 30 
b 1 4256 736 32 32 4256 738 32 30 
b 1 4288 736 32 32 4288 738 32 30 
b 1 4320 736 32 32 4320 738 32 30 
b 1 4352 736 32 32 4352 738 32 30 
b 1 4384 736 32 32 4384 738 32 30 
b 1 4416 736 32 32 4416 738 32 30 
b 1 4448 736 32 32 4448 738 32 30 
b 1 4480 736 32 32 4480 738 32 30 
b 1 4512 736 32 32 4512 738 32 30 
b 1 4544 736 32 32 4544 738 32 30 
b 1 4576 736 32 32 4576 738 32 30 
b 1 4608 736 32 32 4608 738 32 30 
b 1 4640 736 32 32 4640 738 32 30 
b 1 4672 736 32 32 4672 738 32 30 
b 1 4704 736 32 32 4704 738 32 30 
b 1 4736 736 32 32 4736 738 32 30 
b 1 4768 736 32 32 4768 738 32 30 
b 1 4800 736 32 32 4800 738 32 30 
b 1 4832 736 32 32 4832 738 32 30 
b 1 4864 736 32 32 4864 738 32 30 
b 1 4960 736 32 32 4960 738 32 30 
b 1 4992 736 32 32 4992 738 32 30 
b 1 5024 736 32 32 5024 738 32 30 
b 1 5056 736 32 32 5056 738 32 30 
b 1 5088 736 32 32 5088 738 32 30 
b 1 5120 736 32 32 5120 738 32 30 
b 1 5152 736 32 32 5152 738 32 30 
b 1 5184 736 32 32 5184 738 32 30 
b 1 5216 736 32 32 5216 738 32 30 
b 1 5248 736 32 32 5248 738 32 30 
b 1 5280 736 32 32 5280 738 32 30 
b 1 5312 736 32 32 5312 738 32 30 
b 1 5344 736 32 32 5344 738 32 30 
b 1 5376 736 32 32 5376 738 32 30 
b 1 5408 736 32 32 5408 738 32 30 
b 1 5440 736 32 32 5440 738 32 30 
b 1 5472 736 32 32 5472 738 32 30 
b 1 5504 736 32 32 5504 738 32 30 
b 1 5536 736 32 32 5536 738 32 30 
b 1 5568 736 32 32 5568 738 32 30 
b 1 5600 736 32 32 5600 738 32 30 
b 1 5632 736 32 32 5632 738 32 30 
b 1 5664 736 32 32 5664 738 32 30 
b 1 5696 736 32 32 5696 738 32 30 
b 1 5728 736 32 32 5728 738 32 30 
b 1 5760 736 32 32 5760 738 32 30 
b 1 5792 736 32 32 5792 738 32 30 
b 1 5824 736 32 32 5824 738 32 30 
b 1 5856 736 32 32 5856 738 32 30 
b 1 5888 736 32 32 5888 738 32 30 
b 1 5920 736 32 32 5920 738 32 30 
b 1 5952 736 32 32 5952 738 32 30 
b 1 5984 736 32 32 5984 738 32 30 
b 1 6016 736 32 32 6016 738 32 30 
b 1 6048 736 32 32 6048 738 32 30 
b 1 6080 736 32 32 6080 738 32 30 
b 1 6112 736 32 32 6112 738 32 30 
b 1 6144 736 32 32 6144 738 32 30 
b 1 6176 736 32 32 6176 738 32 30 
b 1 6208 736 32 32 6208 738 32 30 
b 1 6240 736 32 32 6240 738 32 30 
b 1 6272 736 32 32 6272 738 32 30 
b 1 6304 736 32 32 6304 738 32 30 
b 1 6336 736 32 32 6336 738 32 30 
b 1 6368 736 32 32 6368 738 32 30 
b 1 6400 736 32 32 6400 738 32 30 
b 1 6432 736 32 32 6432 738 32 30 
b 1 6464 736 32 32 6464 738 32 30 
b 1 6496 736 32 32 6496 738 32 30 
b 1 6528 736 32 32 6528 738 32 30 
b 1 6560 736 32 32 6560 738 32 30 
b 1 6592 736 32 32 6592 738 32 30 
b 1 6624 736 32 32 6624 738 32 30 
b 1 6656 736 32 32 6656 738 32 30 
b 1 6688 736 32 32 6688 738 32 30 
b 1 6720 736 32 32 6720 738 32 30 
b 1 6752 736 32 32 6752 738 32 30 
b 1 6784 736 32 32 6784 738 32 30 
b 1 6816 736 32 32 6816 738 32 30 
b 1 6848 736 32 32 6848 738 32 30 
b 1 6880 736 32 32 6880 738 32 30 
b 1 6912 736 32 32 6912 738 32 30 
b 1 6944 736 32 32 6944 738 32 30 
b 1 6976 736 32 32 6976 738 32 30 
b 1 7008 736 32 32 7008 738 32 30 
b 1 7040 736 32 32 7040 738 32 30 
b 1 7072 736 32 32 7072 738 32 30 
b 1 7104 736 32 32 7104 738 32 30 
b 1 7136 736 32 32 7136 738 32 30 
b 1 0 768 32 32 0 770 32 30 
b 1 32 768 32 32 32 770 32 30 
b 1 64 768 32 32 64 770 32 30 
b 1 96 768 32 32 96 770 32 30 
b 1 128 768 32 32 128 770 32 30 
b 1 160 768 32 32 160 770 32 30 
b 1 192 768 32 32 192 770 32 30 
b 1 224 768 32 32 224 770 32 30 
b 1 256 768 32 32 256 770 32 30 
b 1 288 768 32 32 288 770 32 30 
b 1 320 768 32 32 320 770 32 30 
b 1 352 768 32 32 352 770 32 30 
b 1 384 768 32 32 384 770 32 30 
b 1 416 768 32 32 416 770 32 30 
b 1 448 768 32 32 448 770 32 30 
b 1 480 768 32 32 480 770 32 30 
b 1 512 768 32 32 512 770 32 30 
b 1 544 768 32 32 544 770 32 30 
b 1 576 768 32 32 576 770 32 30 
b 1 608 768 32 32 608 770 32 30 
b 1 640 768 32 32 640 770 32 30 
b 1 672 768 32 32 672 770 32 30 
b 1 704 768 32 32 704 770 32 30 
b 1 736 768 32 32 736 770 32 30 
b 1 768 768 32 32 768 770 32 30 
b 1 800 768 32 32 800 770 32 30 
b 1 832 768 32 32 832 770 32 30 
b 1 864 768 32 32 864 770 32 30 
b 1 896 768 32 32 896 770 32 30 
b 1 928 768 32 32 928 770 32 30 
b 1 960 768 32 32 960 770 32 30 
b 1 992 768 32 32 992 770 32 30 
b 1 1024 768 32 32 1024 770 32 30 
b 1 1056 768 32 32 1056 770 32 30 
b 1 1088 768 32 32 1088 770 32 30 
b 1 1120 768 32 32 1120 770 32 30 
b 1 1152 768 32 32 1152 770 32 30 
b 1 1184 768 32 32 1184 770 32 30 
b 1 1216 768 32 32 1216 770 32 30 
b 1 1248 768 32 32 1248 770 32 30 
b 1 1280 768 32 32 1280 770 32 30 
b 1 1312 768 32 32 1312 770 32 30 
b 1 1344 768 32 32 1344 770 32 30 
b 1 1376 768 32 32 1376 770 32 30 
b 1 1408 768 32 32 1408 770 32 30 
b 1 1440 768 32 32 1440 770 32 30 
b 1 1472 768 32 32 1472 770 32 30 
b 1 1504 768 32 32 1504 770 32 30 
b 1 1536 768 32 32 1536 770 32 30 
b 1 1568 768 32 32 1568 770 32 30 
b 1 1600 768 32 32 1600 770 32 30 
b 1 1632 768 32 32 1632 770 32 30 
b 1 1664 768 32 32 1664 770 32 30 
b 1 1696 768 32 32 1696 770 32 30 
b 1 1728 768 32 32 1728 770 32 30 
b 1 1760 768 32 32 1760 770 32 30 
b 1 1792 768 32 32 1792 770 32 30 
b 1 1824 768 32 32 1824 770 32 30 
b 1 1856 768 32 32 1856 770 32 30 
b 1 1888 768 32 32 1888 770 32 30 
b 1 1920 768 32 32 1920 770 32 30 
b 1 1952 768 32 32 1952 770 32 30 
b 1 1984 768 32 32 1984 770 32 30 
b 1 2016 768 32 32 2016 770 32 30 
b 1 2048 768 32 32 2048 770 32 30 
b 1 2080 768 32 32 2080 770 32 30 
b 1 2112 768 32 32 2112 770 32 30 
b 1 2144 768 32 32 2144 770 32 30 
b 1 2176 768 32 32 2176 770 32 30 
b 1 2272 768 32 32 2272 770 32 30 
b 1 2304 768 32 32 2304 770 32 30 
b 1 2336 768 32 32 2336 770 32 30 
b 1 2368 768 32 32 2368 770 32 30 
b 1 2400 768 32 32 2400 770 32 30 
b 1 2432 768 32 32 2432 770 32 30 
b 1 2464 768 32 32 2464 770 32 30 
b 1 2496 768 32 32 2496 770 32 30 
b 1 2528 768 32 32 2528 770 32 30 
b 1 2560 768 32 32 2560 770 32 30 
b 1 2592 768 32 32 2592 770 32 30 
b 1 2624 768 32 32 2624 770 32 30 
b 1 2656 768 32 32 2656 770 32 30 
b 1 2688 768 32 32 2688 770 32 30 
b 1 2720 768 32 32 2720 770 32 30 
b 1 2848 768 32 32 2848 770 32 30 
b 1 2880 768 32 32 2880 770 32 30 
b 1 2912 768 32 32 2912 770 32 30 
b 1 2944 768 32 32 2944 770 32 30 
b 1 2976 768 32 32 2976 770 32 30 
b 1 3008 768 32 32 3008 770 32 30 
b 1 3040 768 32 32 3040 770 32 30 
b 1 3072 768 32 32 3072 770 32 30 
b 1 3104 768 32 32 3104 770 32 30 
b 1 3136 768 32 32 3136 770 32 30 
b 1 3168 768 32 32 3168 770 32 30 
b 1 3200 768 32 32 3200 770 32 30 
b 1 3232 768 32 32 3232 770 32 30 
b 1 3264 768 32 32 3264 770 32 30 
b 1 3296 768 32 32 3296 770 32 30 
b 1 3328 768 32 32 3328 770 32 30 
b 1 3360 768 32 32 3360 770 32 30 
b 1 3392 768 32 32 3392 770 32 30 
b 1 3424 768 32 32 3424 770 32 30 
b 1 3456 768 32 32 3456 770 32 30 
b 1 3488 768 32 32 3488 770 32 30 
b 1 3520 768 32 32 3520 770 32 30 
b 1 3552 768 32 32 3552 770 32 30 
b 1 3584 768 32 32 3584 770 32 30 
b 1 3616 768 32 32 3616 770 32 30 
b 1 3648 768 32 32 3648 770 32 30 
b 1 3680 768 32 32 3680 770 32 30 
b 1 3712 768 32 32 3712 770 32 30 
b 1 3744 768 32 32 3744 770 32 30 
b 1 3776 768 32 32 3776 770 32 30 
b 1 3808 768 32 32 3808 770 32 30 
b 1 3840 768 32 32 3840 770 32 30 
b 1 3872 768 32 32 3872 770 32 30 
b 1 3904 768 32 32 3904 770 32 30 
b 1 3936 768 32 32 3936 770 32 30 
b 1 3968 768 32 32 3968 770 32 30 
b 1 4000 768 32 32 4000 770 32 30 
b 1 4032 768 32 32 4032 770 32 30 
b 1 4064 768 32 32 4064 770 32 30 
b 1 4096 768 32 32 4096 770 32 30 
b 1 4128 768 32 32 4128 770 32 30 
b 1 4160 768 32 32 4160 770 32 30 
b 1 4192 768 32 32 4192 770 32 30 
b 1 4224 768 32 32 4224 770 32 30 
b 1 4256 768 32 32 4256 770 32 30 
b 1 4288 768 32 32 4288 770 32 30 
b 1 4320 768 32 32 4320 770 32 30 
b 1 4352 768 32 32 4352 770 32 30 
b 1 4384 768 32 32 4384 770 32 30 
b 1 4416 768 32 32 4416 770 32 30 
b 1 4448 768 32 32 4448 770 32 30 
b 1 4480 768 32 32 4480 770 32 30 
b 1 4512 768 32 32 4512 770 32 30 
b 1 4544 768 32 32 4544 770 32 30 
b 1 4576 768 32 32 4576 770 32 30 
b 1 4608 768 32 32 4608 770 32 30 
b 1 4640 768 32 32 4640 770 32 30 
b 1 4672 768 32 32 4672 770 32 30 
b 1 4704 768 32 32 4704 770 32 30 
b 1 4736 768 32 32 4736 770 32 30 
b 1 4768 768 32 32 4768 770 32 30 
b 1 4800 768 32 32 4800 770 32 30 
b 1 4832 768 32 32 4832 770 32 30 
b 1 4864 768 32 32 4864 770 32 30 
b 1 4960 768 32 32 4960 770 32 30 
b 1 4992 768 32 32 4992 770 32 30 
b 1 5024 768 32 32 5024 770 32 30 
b 1 5056 768 32 32 5056 770 32 30 
b 1 5088 768 32 32 5088 770 32 30 
b 1 5120 768 32 32 5120 770 32 30 
b 1 5152 768 32 32 5152 770 32 30 
b 1 5184 768 32 32 5184 770 32 30 
b 1 5216 768 32 32 5216 770 32 30 
b 1 5248 768 32 32 5248 770 32 30 
b 1 5280 768 32 32 5280 770 32 30 
b 1 5312 768 32 32 5312 770 32 30 
b 1 5344 768 32 32 5344 770 32 30 
b 1 5376 768 32 32 5376 770 32 30 
b 1 5408 768 32 32 5408 770 32 30 
b 1 5440 768 32 32 5440 770 32 30 
b 1 5472 768 32 32 5472 770 32 30 
b 1 5504 768 32 32 5504 770 32 30 
b 1 5536 768 32 32 5536 770 32 30 
b 1 5568 768 32 32 5568 770 32 30 
b 1 5600 768 32 32 5600 770 32 30 
b 1 5632 768 32 32 5632 770 32 30 
b 1 5664 768 32 32 5664 770 32 30 
b 1 5696 768 32 32 5696 770 32 30 
b 1 5728 768 32 32 5728 770 32 30 
b 1 5760 768 32 32 5760 770 32 30 
b 1 5792 768 32 32 5792 770 32 30 
b 1 5824 768 32 32 5824 770 32 30 
b 1 5856 768 32 32 5856 770 32 30 
b 1 5888 768 32 32 5888 770 32 30 
b 1 5920 768 32 32 5920 770 32 30 
b 1 5952 768 32 32 5952 770 32 30 
b 1 5984 768 32 32 5984 770 32 30 
b 1 6016 768 32 32 6016 770 32 30 
b 1 6048 768 32 32 6048 770 32 30 
b 1 6080 768 32 32 6080 770 32 30 
b 1 6112 768 32 32 6112 770 32 30 
b 1 6144 768 32 32 6144 770 32 30 
b 1 6176 768 32 32 6176 770 32 30 
b 1 6208 768 32 32 6208 770 32 30 
b 1 6240 768 32 32 6240 770 32 30 
b 1 6272 768 32 32 6272 770 32 30 
b 1 6304 768 32 32 6304 770 32 30 
b 1 6336 768 32 32 6336 770 32 30 
b 1 6368 768 32 32 6368 770 32 30 
b 1 6400 768 32 32 6400 770 32 30 
b 1 6432 768 32 32 6432 770 32 30 
b 1 6464 768 32 32 6464 770 32 30 
b 1 6496 768 32 32 6496 770 32 30 
b 1 6528 768 32 32 6528 770 32 30 
b 1 6560 768 32 32 6560 770 32 30 
b 1 6592 768 32 32 6592 770 32 30 
b 1 6624 768 32 32 6624 770 32 30 
b 1 6656 768 32 32 6656 770 32 30 
b 1 6688 768 32 32 6688 770 32 30 
b 1 6720 768 32 32 6720 770 32 30 
b 1 6752 768 32 32 6752 770 32 30 
b 1 6784 768 32 32 6784 770 32 30 
b 1 6816 768 32 32 6816 770 32 30 
b 1 6848 768 32 32 6848 770 32 30 
b 1 6880 768 32 32 6880 770 32 30 
b 1 6912 768 32 32 6912 770 32 30 
b 1 6944 768 32 32 6944 770 32 30 
b 1 6976 768 32 32 6976 770 32 30 
b 1 7008 768 32 32 7008 770 32 30 
b 1 7040 768 32 32 7040 770 32 30 
b 1 7072 768 32 32 7072 770 32 30 
b 1 7104 768 32 32 7104 770 32 30 
b 1 7136 768 32 32 7136 770 32 30 
b 9 4512 640 32 32 4512 642 32 30 
b 9 4512 672 32 32 4512 674 32 30 
b 9 4544 672 32 32 4544 674 32 30 
b 9 4480 704 32 32 4480 706 32 30 
b 9 4512 704 32 32 4512 706 32 30 
b 9 4544 704 32 32 4544 706 32 30 
b 9 4576 704 32 32 4576 706 32 30 
b 9 4960 640 32 32 4960 642 32 30 
b 9 4992 640 32 32 4992 642 32 30 
b 9 4960 672 32 32 4960 674 32 30 
b 9 4992 672 32 32 4992 674 32 30 
b 9 5024 672 32 32 5024 674 32 30 
b 9 4960 704 32 32 4960 706 32 30 
b 9 4992 704 32 32 4992 706 32 30 
b 9 5024 704 32 32 5024 706 32 30 
b 9 5056 704 32 32 5056 706 32 30 
g 25 0 704 32 32 0 706 32 30 
g 25 32 672 32 32 32 674 32 30 
g 26 96 672 32 32 96 674 32 30 
g 26 128 704 32 32 128 706 32 30 
g 27 64 640 32 32 64 642 32 30 
b 9 4320 704 32 32 4320 706 32 30 
b 9 4288 704 32 32 4288 706 32 30 
b 9 4320 672 32 32 4320 674 32 30 
b 9 4352 640 32 32 4352 642 32 30 
b 9 4352 672 32 32 4352 674 32 30 
b 9 4352 704 32 32 4352 706 32 30 
b 9 4384 704 32 32 4384 706 32 30 
b 9 4384 672 32 32 4384 674 32 30 
b 9 4384 640 32 32 4384 642 32 30 
b 9 4384 608 32 32 4384 610 32 30 
b 9 4480 608 32 32 4480 610 32 30 
b 9 4480 640 32 32 4480 642 32 30 
b 9 4480 672 32 32 4480 674 32 30 
b 9 4736 704 32 32 4736 706 32 30 
b 9 4768 672 32 32 4768 674 32 30 
b 9 4800 704 32 32 4800 706 32 30 
b 9 4800 672 32 32 4800 674 32 30 
b 9 4800 640 32 32 4800 642 32 30 
b 9 4768 704 32 32 4768 706 32 30 
b 9 4832 704 32 32 4832 706 32 30 
b 9 4832 640 32 32 4832 642 32 30 
b 9 4832 608 32 32 4832 610 32 30 
b 9 4864 608 32 32 4864 610 32 30 
b 9 4864 640 32 32 4864 642 32 30 
b 9 4864 672 32 32 4864 674 32 30 
b 9 4864 704 32 32 4864 706 32 30 
b 9 4960 608 32 32 4960 610 32 30 
b 9 5792 704 32 32 5792 706 32 30 
b 9 5824 672 32 32 5824 674 32 30 
b 9 5824 704 32 32 5824 706 32 30 
b 9 5856 704 32 32 5856 706 32 30 
b 9 5856 672 32 32 5856 674 32 30 
b 9 5856 640 32 32 5856 642 32 30 
b 9 5888 640 32 32 5888 642 32 30 
b 9 5888 672 32 32 5888 674 32 30 
b 9 5888 704 32 32 5888 706 32 30 
b 9 5888 608 32 32 5888 610 32 30 
b 9 5920 576 32 32 5920 578 32 30 
b 9 5920 608 32 32 5920 610 32 30 
b 9 5920 640 32 32 5920 642 32 30 
b 9 5920 672 32 32 5920 674 32 30 
b 9 5920 704 32 32 5920 706 32 30 
b 9 5952 544 32 32 5952 546 32 30 
b 9 5952 576 32 32 5952 578 32 30 
b 9 5952 608 32 32 5952 610 32 30 
b 9 5952 640 32 32 5952 642 32 30 
b 9 5952 672 32 32 5952 674 32 30 
b 9 5952 704 32 32 5952 706 32 30 
b 9 5984 512 32 32 5984 514 32 30 
b 9 5984 544 32 32 5984 546 32 30 
b 9 5984 576 32 32 5984 578 32 30 
b 9 5984 608 32 32 5984 610 32 30 
b 9 5984 640 32 32 5984 642 32 30 
b 9 5984 672 32 32 5984 674 32 30 
b 9 5984 704 32 32 5984 706 32 30 
b 9 6016 480 32 32 6016 482 32 30 
b 9 6016 512 32 32 6016 514 32 30 
b 9 6016 512 32 32 6016 514 32 30 
b 9 6016 544 32 32 6016 546 32 30 
b 9 6016 576 32 32 6016 578 32 30 
b 9 6016 608 32 32 6016 610 32 30 
b 9 6016 640 32 32 6016 642 32 30 
b 9 6016 672 32 32 6016 674 32 30 
b 9 6016 704 32 32 6016 706 32 30 
b 9 6048 512 32 32 6048 514 32 30 
b 9 6048 480 32 32 6048 482 32 30 
b 9 6048 544 32 32 6048 546 32 30 
b 9 6048 576 32 32 6048 578 32 30 
b 9 6048 608 32 32 6048 610 32 30 
b 9 6048 640 32 32 6048 642 32 30 
b 9 6048 672 32 32 6048 674 32 30 
b 9 6048 704 32 32 6048 706 32 30 
g 35 384 704 32 32 384 706 32 30 
g 35 416 704 32 32 416 706 32 30 
g 35 448 704 32 32 448 706 32 30 
g 36 480 704 32 32 480 706 32 30 
g 34 2272 704 32 32 2272 706 32 30 
g 35 2304 704 32 32 2304 706 32 30 
g 36 2336 704 32 32 2336 706 32 30 
g 34 2848 704 32 32 2848 706 32 30 
g 35 2880 704 32 32 2880 706 32 30 
g 35 2912 704 32 32 2912 706 32 30 
g 36 2944 704 32 32 2944 706 32 30 
g 34 3424 704 32 32 3424 706 32 30 
g 35 3456 704 32 32 3456 706 32 30 
g 35 3488 704 32 32 3488 706 32 30 
g 35 3520 704 32 32 3520 706 32 30 
g 36 3552 704 32 32 3552 706 32 30 
g 34 3808 704 32 32 3808 706 32 30 
g 35 3840 704 32 32 3840 706 32 30 
g 36 3872 704 32 32 3872 706 32 30 
g 35 4416 704 32 32 4416 706 32 30 
g 35 4448 704 32 32 4448 706 32 30 
g 36 5088 704 32 32 5088 706 32 30 
g 34 5344 704 32 32 5344 706 32 30 
g 35 5376 704 32 32 5376 706 32 30 
g 36 5408 704 32 32 5408 706 32 30 
g 36 6624 704 32 32 6624 706 32 30 
g 35 6912 704 32 32 6912 706 32 30 
g 34 6880 704 32 32 6880 706 32 30 
g 36 6944 704 32 32 6944 706 32 30 
g 31 608 384 32 32 608 386 32 30 
g 29 640 384 32 32 640 386 32 30 
g 33 672 384 32 32 672 386 32 30 
g 30 608 416 32 32 608 418 32 30 
g 28 640 416 32 32 640 418 32 30 
g 32 672 416 32 32 672 418 32 30 
g 31 864 416 32 32 864 418 32 30 
g 29 896 416 32 32 896 418 32 30 
g 29 928 416 32 32 928 418 32 30 
g 29 960 416 32 32 960 418 32 30 
g 33 992 416 32 32 992 418 32 30 
g 30 864 448 32 32 864 450 32 30 
g 28 896 448 32 32 896 450 32 30 
g 28 928 448 32 32 928 450 32 30 
g 28 960 448 32 32 960 450 32 30 
g 32 992 448 32 32 992 450 32 30 
g 31 1792 416 32 32 1792 418 32 30 
g 29 1824 416 32 32 1824 418 32 30 
g 33 1856 416 32 32 1856 418 32 30 
g 30 1792 448 32 32 1792 450 32 30 
g 28 1824 448 32 32 1824 450 32 30 
g 32 1856 448 32 32 1856 450 32 30 
g 31 4224 384 32 32 4224 386 32 30 
g 29 4256 384 32 32 4256 386 32 30 
g 33 4320 384 32 32 4320 386 32 30 
g 30 4224 416 32 32 4224 418 32 30 
g 29 4288 384 32 32 4288 386 32 30 
g 28 4256 416 32 32 4256 418 32 30 
g 28 4288 416 32 32 4288 418 32 30 
g 32 4320 416 32 32 4320 418 32 30 
g 31 4864 416 32 32 4864 418 32 30 
g 29 4896 416 32 32 4896 418 32 30 
g 33 4928 416 32 32 4928 418 32 30 
g 30 4864 448 32 32 4864 450 32 30 
g 28 4896 448 32 32 4896 450 32 30 
g 32 4928 448 32 32 4928 450 32 30 
g 31 5216 384 32 32 5216 386 32 30 
g 29 5248 384 32 32 5248 386 32 30 
g 33 5280 384 32 32 5280 386 32 30 
g 30 5216 416 32 32 5216 418 32 30 
g 28 5248 416 32 32 5248 418 32 30 
g 32 5280 416 32 32 5280 418 32 30 
g 9 4832 672 32 32 4832 674 32 30 
b 9 6336 704 32 32 6336 706 32 30 
g 48 6336 416 32 32 6336 416 32 32 
g 48 6336 448 32 32 6336 448 32 32 
g 48 6336 480 32 32 6336 480 32 32 
g 48 6336 512 32 32 6336 512 32 32 
g 48 6336 544 32 32 6336 544 32 32 
g 48 6336 576 32 32 6336 576 32 32 
g 48 6336 608 32 32 6336 608 32 32 
g 48 6336 640 32 32 6336 640 32 32 
g 48 6336 672 32 32 6336 672 32 32 
g 49 6320 416 32 32 6320 416 32 32 
g 50 6336 384 32 32 6336 384 32 32 
